26
0 61.96 60.43 68 82.05 71.83 67.82 58.97 72.36 71.75 74.55 71.76 78.54 75.89 58.73 75.66 66.91 84.3 67.42 90.38 68.61 70.59 55.99 78.92 66.47 72.23 
61.96 0 6.14 6.14 20.6 13.72 7.73 9.23 10.94 9.96 17.76 13.06 16.63 14.06 6.88 13.71 5.12 23.76 11.81 34.5 16.79 11.82 17.79 17.04 14 14.69 
60.43 6.14 0 10.52 24.41 19.47 7.5 15.37 12.33 12.23 23.55 11.53 18.9 16.16 13.02 16.41 9.89 28.14 8.13 39.94 12.16 17.54 11.8 19.19 9.21 12.45 
68 6.14 10.52 0 14.48 9.6 6.42 13.63 6.43 4.85 13.6 10.89 10.86 8.52 11.87 7.85 10.7 17.82 12.12 29.48 17.3 7.74 22.13 11.3 15.09 12.89 
82.05 20.6 24.41 14.48 0 11.89 17.71 27.24 13.09 12.44 12.04 18.04 7.51 9.5 25.96 8.48 15.48 4.58 22.26 18.97 26.2 12.29 35.13 7.65 25.3 19.61 
71.83 13.72 19.47 9.6 11.89 0 15.88 22.65 13.93 12.2 23.2 19.5 13.87 13.23 20.51 11.69 9.82 12.71 21.61 20.89 26.7 17.34 31.27 14.35 24.64 21.53 
67.82 7.73 7.5 6.42 17.71 15.88 0 9.81 4.92 5.28 19.76 5.35 11.54 8.82 9.2 9.33 6.65 21.82 5.73 34.78 10.89 14.08 17.42 11.8 8.78 7.1 
58.97 9.23 15.37 13.63 27.24 22.65 9.81 0 14.74 14.89 26.73 12.83 21.36 18.63 16.11 19.05 13.04 31.09 8.53 43.08 11.29 20.72 8.62 21.6 8.46 13.28 
72.36 10.94 12.33 6.43 13.09 13.93 4.92 14.74 0 8.78 17.35 5.73 6.62 13.74 14.02 4.6 7.34 17.4 9.24 30.96 13.65 12.45 22.16 6.88 12.34 7.71 
71.75 9.96 12.23 4.85 12.44 12.2 5.28 14.89 8.78 0 15.7 7.35 6.81 13.37 13.87 4.18 5.85 16.56 10.34 29.76 15.03 10.68 22.7 7.17 13.48 9.36 
74.55 17.76 23.55 13.6 12.04 23.2 19.76 26.73 17.35 15.7 0 23.04 16.03 15.99 24.57 14.4 13.88 11.32 25.47 17.06 30.5 6.01 35.35 16.47 28.54 25.05 
71.76 13.06 11.53 10.89 18.04 19.5 5.35 12.83 5.73 7.35 23.04 0 10.73 8.57 13.16 9.83 11.44 22.54 4.89 36.46 8.16 17.91 18.61 10.75 7.51 9.71 
78.54 16.63 18.9 10.86 7.51 13.87 11.54 21.36 6.62 6.81 16.03 10.73 0 17.01 20.57 10.99 11.96 12.09 15.24 26.4 18.81 13.16 28.63 13.5 18.16 12.17 
75.89 14.06 16.16 8.52 9.5 13.23 8.82 18.63 13.74 13.37 15.99 8.57 17.01 0 17.83 16.37 9.6 13.98 12.8 27.97 16.73 12.18 26.01 17.16 15.81 10.24 
58.73 6.88 13.02 11.87 25.96 20.51 9.2 16.11 14.02 13.87 24.57 13.16 20.57 17.83 0 18.04 11.15 29.61 9.51 41.14 13.13 18.59 10.93 20.87 10.19 13.98 
75.66 13.71 16.41 7.85 8.48 11.69 9.33 19.05 4.6 4.18 14.4 9.83 10.99 16.37 18.04 0 8.96 12.83 13.8 26.63 17.97 10.71 26.71 11.35 16.87 11.6 
66.91 5.12 9.89 10.7 15.48 9.82 6.65 13.04 7.34 5.85 13.88 11.44 11.96 9.6 11.15 8.96 0 18.7 12.24 30.05 17.46 7.91 21.6 12.41 15.12 13.41 
84.3 23.76 28.14 17.82 4.58 12.71 21.82 31.09 17.4 16.56 11.32 22.54 12.09 13.98 29.61 12.83 18.7 0 26.63 14.45 30.7 13.74 39.21 12.23 29.7 24.16 
67.42 11.81 8.13 12.12 22.26 21.61 5.73 8.53 9.24 10.34 25.47 4.89 15.24 12.8 9.51 13.8 12.24 26.63 0 40.1 5.22 19.81 13.71 15.34 11.53 4.82 
90.38 34.5 39.94 29.48 18.97 20.89 34.78 43.08 30.96 29.76 17.06 36.46 26.4 27.97 41.14 26.63 30.05 14.45 40.1 0 44.57 22.73 51.6 26.59 43.23 38.21 
68.61 16.79 12.16 17.3 26.2 26.7 10.89 11.29 13.65 15.03 30.5 8.16 18.81 16.73 13.13 17.97 17.46 30.7 5.22 44.57 0 24.94 12.98 18.8 13.39 6.68 
70.59 11.82 17.54 7.74 12.29 17.34 14.08 20.72 12.45 10.68 6.01 17.91 13.16 12.18 18.59 10.71 7.91 13.74 19.81 22.73 24.94 0 29.34 13.66 22.81 19.95 
55.99 17.79 11.8 22.13 35.13 31.27 17.42 8.62 22.16 22.7 35.35 18.61 28.63 26.01 10.93 26.71 21.6 39.21 13.71 51.6 12.98 29.34 0 28.79 11.53 18.17 
78.92 17.04 19.19 11.3 7.65 14.35 11.8 21.6 6.88 7.17 16.47 10.75 13.5 17.16 20.87 11.35 12.41 12.23 15.34 26.59 18.8 13.66 28.79 0 18.22 12.13 
66.47 14 9.21 15.09 25.3 24.64 8.78 8.46 12.34 13.48 28.54 7.51 18.16 15.81 10.19 16.87 15.12 29.7 11.53 43.23 13.39 22.81 11.53 18.22 0 6.71 
72.23 14.69 12.45 12.89 19.61 21.53 7.1 13.28 7.71 9.36 25.05 9.71 12.17 10.24 13.98 11.6 13.41 24.16 4.82 38.21 6.68 19.95 18.17 12.13 6.71 0 
0	5000
0	108
0	116
0	129
0	147
0	160
0	195
0	215
0	262
0	288
0	331
0	376
0	395
0	422
0	450
0	491
0	514
0	574
0	634
0	698
0	758
0	797
0	851
0	908
0	940
0	950
C:
0 3 3 3 3 3 3 3 3 3 3 3 3 3 3 3 3 3 3 3 3 3 3 3 3 3 3 
1 0 1 1 1 1 1 1 1 1 1 1 1 1 1 1 1 1 1 1 1 1 1 1 1 1 1 
1 1 0 1 1 1 1 1 1 1 1 1 1 1 1 1 1 1 1 1 1 1 1 1 1 1 1 
1 1 1 0 1 1 1 1 1 1 1 1 1 1 1 1 1 1 1 1 1 1 1 1 1 1 1 
1 1 1 1 0 1 1 1 1 1 1 1 1 1 1 1 1 1 1 1 1 1 1 1 1 1 1 
1 1 1 1 1 0 1 1 1 1 1 1 1 1 1 1 1 1 1 1 1 1 1 1 1 1 1 
1 1 1 1 1 1 0 1 1 1 1 1 1 1 1 1 1 1 1 1 1 1 1 1 1 1 1 
1 1 1 1 1 1 1 0 1 1 1 1 1 1 1 1 1 1 1 1 1 1 1 1 1 1 1 
1 1 1 1 1 1 1 1 0 1 1 1 1 1 1 1 1 1 1 1 1 1 1 1 1 1 1 
1 1 1 1 1 1 1 1 1 0 1 1 1 1 1 1 1 1 1 1 1 1 1 1 1 1 1 
1 1 1 1 1 1 1 1 1 1 0 1 1 1 1 1 1 1 1 1 1 1 1 1 1 1 1 
1 1 1 1 1 1 1 1 1 1 1 0 1 1 1 1 1 1 1 1 1 1 1 1 1 1 1 
1 1 1 1 1 1 1 1 1 1 1 1 0 1 1 1 1 1 1 1 1 1 1 1 1 1 1 
1 1 1 1 1 1 1 1 1 1 1 1 1 0 1 1 1 1 1 1 1 1 1 1 1 1 1 
1 1 1 1 1 1 1 1 1 1 1 1 1 1 0 1 1 1 1 1 1 1 1 1 1 1 1 
1 1 1 1 1 1 1 1 1 1 1 1 1 1 1 0 1 1 1 1 1 1 1 1 1 1 1 
1 1 1 1 1 1 1 1 1 1 1 1 1 1 1 1 0 1 1 1 1 1 1 1 1 1 1 
2 2 2 2 2 2 2 2 2 2 2 2 2 2 2 2 2 0 2 2 2 2 2 2 2 2 2 
1 1 1 1 1 1 1 1 1 1 1 1 1 1 1 1 1 1 0 1 1 1 1 1 1 1 1 
3 3 3 3 3 3 3 3 3 3 3 3 3 3 3 3 3 3 3 0 3 3 3 3 3 3 3 
2 2 2 2 2 2 2 2 2 2 2 2 2 2 2 2 2 2 2 2 0 2 2 2 2 2 2 
1 1 1 1 1 1 1 1 1 1 1 1 1 1 1 1 1 1 1 1 1 0 1 1 1 1 1 
2 2 2 2 2 2 2 2 2 2 2 2 2 2 2 2 2 2 2 2 2 2 0 2 2 2 2 
1 1 1 1 1 1 1 1 1 1 1 1 1 1 1 1 1 1 1 1 1 1 1 0 1 1 1 
1 1 1 1 1 1 1 1 1 1 1 1 1 1 1 1 1 1 1 1 1 1 1 1 0 1 1 
1 1 1 1 1 1 1 1 1 1 1 1 1 1 1 1 1 1 1 1 1 1 1 1 1 0 1 
3 3 3 3 3 3 3 3 3 3 3 3 3 3 3 3 3 3 3 3 3 3 3 3 3 3 0 
Time:
0	15
15	30
30	45
45	60
60	75
75	90
90	105
105	120
120	135
135	150
150	165
165	180
180	195
195	210
210	225
225	240
240	255
255	270
270	285
285	300
300	315
315	330
330	345
345	360
360	375
375	390
390	405
405	420
420	435
435	450
450	465
465	480
480	495
495	510
510	525
525	540
540	555
555	570
570	585
585	600
600	615
615	630
630	645
645	660
660	675
675	690
690	705
705	720
720	735
735	750
750	765
765	780
780	795
795	810
810	825
825	840
840	855
855	870
870	885
885	900
900	915
915	930
930	945
945	960
960	975
975	990
990	1005
1005	1020
1020	1035
1035	1050
1050	1065
1065	1080
1080	5000
Speed:
0.925	0.85	0.925	1	0.8325	0.765	0.8325	0.9	0.4625	0.425	0.4625	0.5	0.30525	0.2805	0.30525	0.33	0.37	0.34	0.37	0.4	0.555	0.51	0.555	0.6	0.6475	0.595	0.6475	0.7	0.37	0.34	0.37	0.4	0.30525	0.2805	0.30525	0.33	0.4625	0.425	0.4625	0.5	0.6475	0.595	0.6475	0.7	0.74	0.68	0.74	0.8	0.6475	0.595	0.6475	0.7	0.4625	0.425	0.4625	0.5	0.555	0.51	0.555	0.6	0.6475	0.595	0.6475	0.7	0.8325	0.765	0.8325	0.9	0.925	0.85	0.925	1	1	
0.925	0.85	0.925	1	0.8325	0.765	0.8325	0.9	0.4625	0.425	0.4625	0.5	0.30525	0.2805	0.30525	0.33	0.37	0.34	0.37	0.4	0.555	0.51	0.555	0.6	0.6475	0.595	0.6475	0.7	0.37	0.34	0.37	0.4	0.30525	0.2805	0.30525	0.33	0.4625	0.425	0.4625	0.5	0.6475	0.595	0.6475	0.7	0.74	0.68	0.74	0.8	0.6475	0.595	0.6475	0.7	0.4625	0.425	0.4625	0.5	0.555	0.51	0.555	0.6	0.6475	0.595	0.6475	0.7	0.8325	0.765	0.8325	0.9	0.925	0.85	0.925	1	1	
0.925	0.85	0.925	1	0.8325	0.765	0.8325	0.9	0.4625	0.425	0.4625	0.5	0.30525	0.2805	0.30525	0.33	0.37	0.34	0.37	0.4	0.555	0.51	0.555	0.6	0.6475	0.595	0.6475	0.7	0.37	0.34	0.37	0.4	0.30525	0.2805	0.30525	0.33	0.4625	0.425	0.4625	0.5	0.6475	0.595	0.6475	0.7	0.74	0.68	0.74	0.8	0.6475	0.595	0.6475	0.7	0.4625	0.425	0.4625	0.5	0.555	0.51	0.555	0.6	0.6475	0.595	0.6475	0.7	0.8325	0.765	0.8325	0.9	0.925	0.85	0.925	1	1	
