26
0 72.01 72.17 108.3 62.79 79.23 71.97 73.05 99.34 75.65 63.09 44.58 73.04 73.57 71.02 56.25 61.06 88.18 70.95 68.54 64.04 73.29 77.63 66.06 71.02 61.7 
72.01 0 17.3 43.86 9.92 16.64 6.21 19.21 28.82 12.98 31.53 28.71 10.78 6.08 9.64 26.24 11.05 16.26 19.12 9.06 48.53 11.98 20.61 7.39 17.58 12.52 
72.17 17.3 0 58.09 21.9 33.7 11.1 36.34 40.02 17.53 16.92 28.06 6.76 23.35 7.69 16.94 20.65 26.32 15.63 25.43 33.32 17.52 37.91 13.65 14.09 13.76 
108.3 43.86 58.09 0 49.15 30.03 48.51 35.28 19.91 41.69 74.49 70.28 51.68 39 51.87 70.1 51.65 32.18 60.37 42.1 91.32 42.91 30.7 51.18 58.9 56.19 
62.79 9.92 21.9 49.15 0 19.34 13.18 17.56 36.8 13.55 31.57 21.17 17.11 10.94 15.03 23.69 15.66 25.5 22.92 7.16 47.93 11.12 20.92 8.26 21.62 10.07 
79.23 16.64 33.7 30.03 19.34 0 22.65 7.98 21.65 16.34 48.03 40.32 26.98 10.64 26.19 41.84 21.92 17.25 35.65 12.19 65 16.22 5.51 23.05 34.1 27.57 
71.97 6.21 11.1 48.51 13.18 22.65 0 25.38 31.92 6.88 26.1 27.63 4.61 12.25 13.05 22.1 13.08 18.36 13 14.81 43.07 6.44 26.8 6.12 11.45 10.36 
73.05 19.21 36.34 35.28 17.56 7.98 25.38 0 29.48 20.37 48.71 36.93 29.98 13.51 28.65 41.24 20.14 24.64 37.98 11.26 65.34 19.31 4.58 23.78 36.48 27.29 
99.34 28.82 40.02 19.91 36.8 21.65 31.92 29.48 0 25.73 56.87 57.38 34.15 25.87 34.85 54.02 38.86 13.76 42.33 30.81 73.28 27.62 25.74 36.06 40.97 41.21 
75.65 12.98 17.53 41.69 13.55 16.34 6.88 20.37 25.73 0 32.98 32.15 10.77 6.9 10.37 28.6 14.73 12.76 19.6 11.56 49.94 12.8 20.99 10.37 18.05 15.5 
63.09 31.53 16.92 74.49 31.57 48.03 26.1 48.71 56.87 32.98 0 24.45 22.86 37.4 22.65 9.95 29.27 43.12 14.62 37.49 17 32.2 51.31 25.13 15.91 21.52 
44.58 28.71 28.06 70.28 21.17 40.32 27.63 36.93 57.38 32.15 24.45 0 28.46 31.85 26.45 14.77 18.77 44.91 27.18 28.18 35.81 29.97 41.02 21.99 26.98 17.27 
73.04 10.78 6.76 51.68 17.11 26.98 4.61 29.98 34.15 10.77 22.86 28.46 0 16.75 14.45 20.47 16.52 20.38 8.87 19.39 39.64 10.87 31.3 9.13 7.34 11.68 
73.57 6.08 23.35 39 10.94 10.64 12.25 13.51 25.87 6.9 37.4 31.85 16.75 0 15.72 31.5 13.11 15.34 25.2 5.73 54.38 5.9 14.56 12.55 23.66 17.32 
71.02 9.64 7.69 51.87 15.03 26.19 13.05 28.65 34.85 10.37 22.65 26.45 14.45 15.72 0 19.3 14.33 21.15 9.48 17.81 39.59 9.97 30.25 6.93 7.94 9.5 
56.25 26.24 16.94 70.1 23.69 41.84 22.1 41.24 54.02 28.6 9.95 14.77 20.47 31.5 19.3 0 21.17 40.4 15.23 30.33 24.49 27.2 44.37 19 15.71 14.28 
61.06 11.05 20.65 51.65 15.66 21.92 13.08 20.14 38.86 14.73 29.27 18.77 16.52 13.11 14.33 21.17 0 27.12 21.45 9.76 45.48 12.32 23.55 7.4 20.24 7.94 
88.18 16.26 26.32 32.18 25.5 17.25 18.36 24.64 13.76 12.76 43.12 44.91 20.38 15.34 21.15 40.4 27.12 0 28.63 21.03 59.63 14.99 22.72 23.06 27.25 28.13 
70.95 19.12 15.63 60.37 22.92 35.65 13 37.98 42.33 19.6 14.62 27.18 8.87 25.2 9.48 15.23 21.45 28.63 0 26.94 31.02 19.44 39.72 14.8 16.2 14.11 
68.54 9.06 25.43 42.1 7.16 12.19 14.81 11.26 30.81 11.56 37.49 28.18 19.39 5.73 17.81 30.33 9.76 21.03 26.94 0 54.19 9.66 14.04 12.53 25.46 16.18 
64.04 48.53 33.32 91.32 47.93 65 43.07 65.34 73.28 49.94 17 35.81 39.64 54.38 39.59 24.49 45.48 59.63 31.02 54.19 0 49.2 68.13 42.01 32.45 38.05 
73.29 11.98 17.52 42.91 11.12 16.22 6.44 19.31 27.62 12.8 32.2 29.97 10.87 5.9 9.97 27.2 12.32 14.99 19.44 9.66 49.2 0 20.44 8.49 17.89 13.64 
77.63 20.61 37.91 30.7 20.92 5.51 26.8 4.58 25.74 20.99 51.31 41.02 31.3 14.56 30.25 44.37 23.55 22.72 39.72 14.04 68.13 20.44 0 26.18 38.18 30.19 
66.06 7.39 13.65 51.18 8.26 23.05 6.12 23.78 36.06 10.37 25.13 21.99 9.13 12.55 6.93 19 7.4 23.06 14.8 12.53 42.01 8.49 26.18 0 13.43 5.16 
71.02 17.58 14.09 58.9 21.62 34.1 11.45 36.48 40.97 18.05 15.91 26.98 7.34 23.66 7.94 15.71 20.24 27.25 16.2 25.46 32.45 17.89 38.18 13.43 0 13.1 
61.7 12.52 13.76 56.19 10.07 27.57 10.36 27.29 41.21 15.5 21.52 17.27 11.68 17.32 9.5 14.28 7.94 28.13 14.11 16.18 38.05 13.64 30.19 5.16 13.1 0 
0	5000
0	121
0	142
0	268
0	383
0	414
0	450
0	510
0	596
0	648
0	699
0	734
0	772
0	799
0	823
0	866
0	907
0	953
0	997
0	1031
0	1093
0	1143
0	1163
0	1190
0	1203
0	1216
C:
0 3 3 3 3 3 3 3 3 3 3 3 3 3 3 3 3 3 3 3 3 3 3 3 3 3 3 
1 0 1 1 1 1 1 1 1 1 1 1 1 1 1 1 1 1 1 1 1 1 1 1 1 1 1 
2 2 0 2 2 2 2 2 2 2 2 2 2 2 2 2 2 2 2 2 2 2 2 2 2 2 2 
3 3 3 0 3 3 3 3 3 3 3 3 3 3 3 3 3 3 3 3 3 3 3 3 3 3 3 
1 1 1 1 0 1 1 1 1 1 1 1 1 1 1 1 1 1 1 1 1 1 1 1 1 1 1 
2 2 2 2 2 0 2 2 2 2 2 2 2 2 2 2 2 2 2 2 2 2 2 2 2 2 2 
1 1 1 1 1 1 0 1 1 1 1 1 1 1 1 1 1 1 1 1 1 1 1 1 1 1 1 
2 2 2 2 2 2 2 0 2 2 2 2 2 2 2 2 2 2 2 2 2 2 2 2 2 2 2 
3 3 3 3 3 3 3 3 0 3 3 3 3 3 3 3 3 3 3 3 3 3 3 3 3 3 3 
1 1 1 1 1 1 1 1 1 0 1 1 1 1 1 1 1 1 1 1 1 1 1 1 1 1 1 
3 3 3 3 3 3 3 3 3 3 0 3 3 3 3 3 3 3 3 3 3 3 3 3 3 3 3 
3 3 3 3 3 3 3 3 3 3 3 0 3 3 3 3 3 3 3 3 3 3 3 3 3 3 3 
1 1 1 1 1 1 1 1 1 1 1 1 0 1 1 1 1 1 1 1 1 1 1 1 1 1 1 
1 1 1 1 1 1 1 1 1 1 1 1 1 0 1 1 1 1 1 1 1 1 1 1 1 1 1 
1 1 1 1 1 1 1 1 1 1 1 1 1 1 0 1 1 1 1 1 1 1 1 1 1 1 1 
3 3 3 3 3 3 3 3 3 3 3 3 3 3 3 0 3 3 3 3 3 3 3 3 3 3 3 
1 1 1 1 1 1 1 1 1 1 1 1 1 1 1 1 0 1 1 1 1 1 1 1 1 1 1 
2 2 2 2 2 2 2 2 2 2 2 2 2 2 2 2 2 0 2 2 2 2 2 2 2 2 2 
2 2 2 2 2 2 2 2 2 2 2 2 2 2 2 2 2 2 0 2 2 2 2 2 2 2 2 
1 1 1 1 1 1 1 1 1 1 1 1 1 1 1 1 1 1 1 0 1 1 1 1 1 1 1 
3 3 3 3 3 3 3 3 3 3 3 3 3 3 3 3 3 3 3 3 0 3 3 3 3 3 3 
1 1 1 1 1 1 1 1 1 1 1 1 1 1 1 1 1 1 1 1 1 0 1 1 1 1 1 
2 2 2 2 2 2 2 2 2 2 2 2 2 2 2 2 2 2 2 2 2 2 0 2 2 2 2 
1 1 1 1 1 1 1 1 1 1 1 1 1 1 1 1 1 1 1 1 1 1 1 0 1 1 1 
2 2 2 2 2 2 2 2 2 2 2 2 2 2 2 2 2 2 2 2 2 2 2 2 0 2 2 
1 1 1 1 1 1 1 1 1 1 1 1 1 1 1 1 1 1 1 1 1 1 1 1 1 0 1 
3 3 3 3 3 3 3 3 3 3 3 3 3 3 3 3 3 3 3 3 3 3 3 3 3 3 0 
Time:
0	15
15	30
30	45
45	60
60	75
75	90
90	105
105	120
120	135
135	150
150	165
165	180
180	195
195	210
210	225
225	240
240	255
255	270
270	285
285	300
300	315
315	330
330	345
345	360
360	375
375	390
390	405
405	420
420	435
435	450
450	465
465	480
480	495
495	510
510	525
525	540
540	555
555	570
570	585
585	600
600	615
615	630
630	645
645	660
660	675
675	690
690	705
705	720
720	735
735	750
750	765
765	780
780	795
795	810
810	825
825	840
840	855
855	870
870	885
885	900
900	915
915	930
930	945
945	960
960	975
975	990
990	1005
1005	1020
1020	1035
1035	1050
1050	1065
1065	1080
1080	5000
Speed:
0.925	0.85	0.925	1	0.8325	0.765	0.8325	0.9	0.4625	0.425	0.4625	0.5	0.30525	0.2805	0.30525	0.33	0.37	0.34	0.37	0.4	0.555	0.51	0.555	0.6	0.6475	0.595	0.6475	0.7	0.37	0.34	0.37	0.4	0.30525	0.2805	0.30525	0.33	0.4625	0.425	0.4625	0.5	0.6475	0.595	0.6475	0.7	0.74	0.68	0.74	0.8	0.6475	0.595	0.6475	0.7	0.4625	0.425	0.4625	0.5	0.555	0.51	0.555	0.6	0.6475	0.595	0.6475	0.7	0.8325	0.765	0.8325	0.9	0.925	0.85	0.925	1	1	
0.925	0.85	0.925	1	0.8325	0.765	0.8325	0.9	0.4625	0.425	0.4625	0.5	0.30525	0.2805	0.30525	0.33	0.37	0.34	0.37	0.4	0.555	0.51	0.555	0.6	0.6475	0.595	0.6475	0.7	0.37	0.34	0.37	0.4	0.30525	0.2805	0.30525	0.33	0.4625	0.425	0.4625	0.5	0.6475	0.595	0.6475	0.7	0.74	0.68	0.74	0.8	0.6475	0.595	0.6475	0.7	0.4625	0.425	0.4625	0.5	0.555	0.51	0.555	0.6	0.6475	0.595	0.6475	0.7	0.8325	0.765	0.8325	0.9	0.925	0.85	0.925	1	1	
0.925	0.85	0.925	1	0.8325	0.765	0.8325	0.9	0.4625	0.425	0.4625	0.5	0.30525	0.2805	0.30525	0.33	0.37	0.34	0.37	0.4	0.555	0.51	0.555	0.6	0.6475	0.595	0.6475	0.7	0.37	0.34	0.37	0.4	0.30525	0.2805	0.30525	0.33	0.4625	0.425	0.4625	0.5	0.6475	0.595	0.6475	0.7	0.74	0.68	0.74	0.8	0.6475	0.595	0.6475	0.7	0.4625	0.425	0.4625	0.5	0.555	0.51	0.555	0.6	0.6475	0.595	0.6475	0.7	0.8325	0.765	0.8325	0.9	0.925	0.85	0.925	1	1	
