26
0 69.09 64.91 64.43 67.78 63.95 84.68 64.43 60.84 73.66 73.8 78.09 71.89 62.78 72.68 71.88 75.1 73.34 73.05 60.99 82.87 76.24 55.45 60.6 49.95 79.96 
69.09 0 16.71 20.72 31.94 21.06 18.61 9.1 18.27 18.8 4.73 16.21 14.16 21.85 20.64 26 7.18 17.99 12.89 10.91 16.6 11.22 16.46 22.72 21.8 12.86 
64.91 16.71 0 13.91 15.4 4.38 21.36 8.09 9.07 8.81 18.56 13.82 16.08 5.34 8.38 11.11 23.02 8.44 9.43 9.03 19.99 14.25 10.98 6.85 15.4 18.51 
64.43 20.72 13.91 0 11.52 9.53 23.84 12 4.83 9.79 22.48 16.08 20.03 9.4 8.32 8.67 26.99 9.75 12.44 12.45 22.69 17.49 12.89 9.4 16.15 21.68 
67.78 31.94 15.4 11.52 0 11.33 30.55 23.48 15.63 16.22 33.11 23.2 30.8 11.08 13.72 8.2 37.77 16.75 21.53 23.88 30.03 26.51 23.19 11.66 24.62 30.23 
63.95 21.06 4.38 9.53 11.33 0 24.41 12.27 4.7 10.35 22.91 16.65 20.44 9.26 8.84 8.92 27.4 10.31 12.98 12.56 23.26 18.02 12.74 9.26 15.83 22.22 
84.68 18.61 21.36 23.84 30.55 24.41 0 20.28 25.32 14.7 14.79 7.78 15.11 25.74 17.06 22.37 17.75 14.42 12.04 23.73 14.66 8.51 29.24 27.79 34.85 5.77 
64.43 9.1 8.09 12 23.48 12.27 20.28 0 9.17 13.3 12.1 14.46 9.55 12.91 14.29 18.64 16.02 12.57 9.43 15.1 18.45 11.81 9.17 13.64 14.88 15.64 
60.84 18.27 9.07 4.83 15.63 4.7 25.32 9.17 0 12.82 20.93 17.88 18.37 4.57 12.07 13.47 25.1 12.51 13.3 8.49 23.88 17.85 8.05 4.57 11.64 22.12 
73.66 18.8 8.81 9.79 16.22 10.35 14.7 13.3 12.82 0 18.39 7.06 16.55 11.68 14.28 8.37 23.08 11.52 6.15 15.91 13.93 10.58 19.45 13.89 24.18 14.05 
73.8 4.73 18.56 22.48 33.11 22.91 14.79 12.1 20.93 18.39 0 14.13 11.69 23.89 20.59 26.34 4.71 17.61 12.25 14.67 12.84 8.82 20.49 25.12 26.03 9.05 
78.09 16.21 13.82 16.08 23.2 16.65 7.78 14.46 17.88 7.06 14.13 0 13.1 17.98 9.51 15.17 18.47 6.69 5.11 17.79 6.88 5.32 22.75 20.07 28.14 7.46 
71.89 14.16 16.08 20.03 30.8 20.44 15.11 9.55 18.37 16.55 11.69 13.1 0 21.4 18.62 24.26 6.98 15.75 10.43 12.2 13.11 7.93 18.08 22.58 23.66 9.37 
62.78 21.85 5.34 9.4 11.08 9.26 25.74 12.91 4.57 11.68 23.89 17.98 21.4 0 10.11 9.69 28.32 11.66 14.25 12.87 24.57 19.26 12.41 9.13 15.07 23.48 
72.68 20.64 8.38 8.32 13.72 8.84 17.06 14.29 12.07 14.28 20.59 9.51 18.62 10.11 0 5.91 25.3 13.75 8.38 16.5 16.38 13.03 19.35 12.35 23.68 16.56 
71.88 26 11.11 8.67 8.2 8.92 22.37 18.64 13.47 8.37 26.34 15.17 24.26 9.69 5.91 0 31.05 9.02 14.23 20.12 21.93 18.94 21.49 11.61 24.73 22.39 
75.1 7.18 23.02 26.99 37.77 27.4 17.75 16.02 25.1 23.08 4.71 18.47 6.98 28.32 25.3 31.05 0 22.31 16.94 18.08 15.97 13.19 23.63 29.42 28.89 12.39 
73.34 17.99 8.44 9.75 16.75 10.31 14.42 12.57 12.51 11.52 17.61 6.69 15.75 11.66 13.75 9.02 22.31 0 5.37 15.24 13.55 9.91 18.93 13.83 23.76 13.49 
73.05 12.89 9.43 12.44 21.53 12.98 12.04 9.43 13.3 6.15 12.25 5.11 10.43 14.25 8.38 14.23 16.94 5.37 0 12.71 10.58 5.12 17.66 16.12 23.1 9.25 
60.99 10.91 9.03 12.45 23.88 12.56 23.73 15.1 8.49 15.91 14.67 17.79 12.2 12.87 16.5 20.12 18.08 15.24 12.71 0 21.89 15.25 5.93 13.02 11.61 19.02 
82.87 16.6 19.99 22.69 30.03 23.26 14.66 18.45 23.88 13.93 12.84 6.88 13.11 24.57 16.38 21.93 15.97 13.55 10.58 21.89 0 6.64 27.48 26.56 33.12 10.91 
76.24 11.22 14.25 17.49 26.51 18.02 8.51 11.81 17.85 10.58 8.82 5.32 7.93 19.26 13.03 18.94 13.19 9.91 5.12 15.25 6.64 0 20.87 21.06 26.54 4.27 
55.45 16.46 10.98 12.89 23.19 12.74 29.24 9.17 8.05 19.45 20.49 22.75 18.08 12.41 19.35 21.49 23.63 18.93 17.66 5.93 27.48 20.87 0 11.53 5.71 24.8 
60.6 22.72 6.85 9.4 11.66 9.26 27.79 13.64 4.57 13.89 25.12 20.07 22.58 9.13 12.35 11.61 29.42 13.83 16.12 13.02 26.56 21.06 11.53 0 13.45 25.3 
49.95 21.8 15.4 16.15 24.62 15.83 34.85 14.88 11.64 24.18 26.03 28.14 23.66 15.07 23.68 24.73 28.89 23.76 23.1 11.61 33.12 26.54 5.71 13.45 0 30.49 
79.96 12.86 18.51 21.68 30.23 22.22 5.77 15.64 22.12 14.05 9.05 7.46 9.37 23.48 16.56 22.39 12.39 13.49 9.25 19.02 10.91 4.27 24.8 25.3 30.49 0 
0	5000
0	117
0	138
0	154
0	173
0	199
0	267
0	324
0	345
0	370
0	401
0	424
0	445
0	490
0	516
0	534
0	618
0	659
0	668
0	687
0	718
0	728
0	755
0	772
0	794
0	848
C:
0 3 3 3 3 3 3 3 3 3 3 3 3 3 3 3 3 3 3 3 3 3 3 3 3 3 3 
1 0 1 1 1 1 1 1 1 1 1 1 1 1 1 1 1 1 1 1 1 1 1 1 1 1 1 
1 1 0 1 1 1 1 1 1 1 1 1 1 1 1 1 1 1 1 1 1 1 1 1 1 1 1 
1 1 1 0 1 1 1 1 1 1 1 1 1 1 1 1 1 1 1 1 1 1 1 1 1 1 1 
2 2 2 2 0 2 2 2 2 2 2 2 2 2 2 2 2 2 2 2 2 2 2 2 2 2 2 
1 1 1 1 1 0 1 1 1 1 1 1 1 1 1 1 1 1 1 1 1 1 1 1 1 1 1 
1 1 1 1 1 1 0 1 1 1 1 1 1 1 1 1 1 1 1 1 1 1 1 1 1 1 1 
1 1 1 1 1 1 1 0 1 1 1 1 1 1 1 1 1 1 1 1 1 1 1 1 1 1 1 
1 1 1 1 1 1 1 1 0 1 1 1 1 1 1 1 1 1 1 1 1 1 1 1 1 1 1 
1 1 1 1 1 1 1 1 1 0 1 1 1 1 1 1 1 1 1 1 1 1 1 1 1 1 1 
1 1 1 1 1 1 1 1 1 1 0 1 1 1 1 1 1 1 1 1 1 1 1 1 1 1 1 
1 1 1 1 1 1 1 1 1 1 1 0 1 1 1 1 1 1 1 1 1 1 1 1 1 1 1 
1 1 1 1 1 1 1 1 1 1 1 1 0 1 1 1 1 1 1 1 1 1 1 1 1 1 1 
1 1 1 1 1 1 1 1 1 1 1 1 1 0 1 1 1 1 1 1 1 1 1 1 1 1 1 
1 1 1 1 1 1 1 1 1 1 1 1 1 1 0 1 1 1 1 1 1 1 1 1 1 1 1 
2 2 2 2 2 2 2 2 2 2 2 2 2 2 2 0 2 2 2 2 2 2 2 2 2 2 2 
2 2 2 2 2 2 2 2 2 2 2 2 2 2 2 2 0 2 2 2 2 2 2 2 2 2 2 
1 1 1 1 1 1 1 1 1 1 1 1 1 1 1 1 1 0 1 1 1 1 1 1 1 1 1 
1 1 1 1 1 1 1 1 1 1 1 1 1 1 1 1 1 1 0 1 1 1 1 1 1 1 1 
1 1 1 1 1 1 1 1 1 1 1 1 1 1 1 1 1 1 1 0 1 1 1 1 1 1 1 
1 1 1 1 1 1 1 1 1 1 1 1 1 1 1 1 1 1 1 1 0 1 1 1 1 1 1 
1 1 1 1 1 1 1 1 1 1 1 1 1 1 1 1 1 1 1 1 1 0 1 1 1 1 1 
2 2 2 2 2 2 2 2 2 2 2 2 2 2 2 2 2 2 2 2 2 2 0 2 2 2 2 
2 2 2 2 2 2 2 2 2 2 2 2 2 2 2 2 2 2 2 2 2 2 2 0 2 2 2 
2 2 2 2 2 2 2 2 2 2 2 2 2 2 2 2 2 2 2 2 2 2 2 2 0 2 2 
1 1 1 1 1 1 1 1 1 1 1 1 1 1 1 1 1 1 1 1 1 1 1 1 1 0 1 
3 3 3 3 3 3 3 3 3 3 3 3 3 3 3 3 3 3 3 3 3 3 3 3 3 3 0 
Time:
0	15
15	30
30	45
45	60
60	75
75	90
90	105
105	120
120	135
135	150
150	165
165	180
180	195
195	210
210	225
225	240
240	255
255	270
270	285
285	300
300	315
315	330
330	345
345	360
360	375
375	390
390	405
405	420
420	435
435	450
450	465
465	480
480	495
495	510
510	525
525	540
540	555
555	570
570	585
585	600
600	615
615	630
630	645
645	660
660	675
675	690
690	705
705	720
720	735
735	750
750	765
765	780
780	795
795	810
810	825
825	840
840	855
855	870
870	885
885	900
900	915
915	930
930	945
945	960
960	975
975	990
990	1005
1005	1020
1020	1035
1035	1050
1050	1065
1065	1080
1080	5000
Speed:
0.925	0.85	0.925	1	0.8325	0.765	0.8325	0.9	0.4625	0.425	0.4625	0.5	0.30525	0.2805	0.30525	0.33	0.37	0.34	0.37	0.4	0.555	0.51	0.555	0.6	0.6475	0.595	0.6475	0.7	0.37	0.34	0.37	0.4	0.30525	0.2805	0.30525	0.33	0.4625	0.425	0.4625	0.5	0.6475	0.595	0.6475	0.7	0.74	0.68	0.74	0.8	0.6475	0.595	0.6475	0.7	0.4625	0.425	0.4625	0.5	0.555	0.51	0.555	0.6	0.6475	0.595	0.6475	0.7	0.8325	0.765	0.8325	0.9	0.925	0.85	0.925	1	1	
0.925	0.85	0.925	1	0.8325	0.765	0.8325	0.9	0.4625	0.425	0.4625	0.5	0.30525	0.2805	0.30525	0.33	0.37	0.34	0.37	0.4	0.555	0.51	0.555	0.6	0.6475	0.595	0.6475	0.7	0.37	0.34	0.37	0.4	0.30525	0.2805	0.30525	0.33	0.4625	0.425	0.4625	0.5	0.6475	0.595	0.6475	0.7	0.74	0.68	0.74	0.8	0.6475	0.595	0.6475	0.7	0.4625	0.425	0.4625	0.5	0.555	0.51	0.555	0.6	0.6475	0.595	0.6475	0.7	0.8325	0.765	0.8325	0.9	0.925	0.85	0.925	1	1	
0.925	0.85	0.925	1	0.8325	0.765	0.8325	0.9	0.4625	0.425	0.4625	0.5	0.30525	0.2805	0.30525	0.33	0.37	0.34	0.37	0.4	0.555	0.51	0.555	0.6	0.6475	0.595	0.6475	0.7	0.37	0.34	0.37	0.4	0.30525	0.2805	0.30525	0.33	0.4625	0.425	0.4625	0.5	0.6475	0.595	0.6475	0.7	0.74	0.68	0.74	0.8	0.6475	0.595	0.6475	0.7	0.4625	0.425	0.4625	0.5	0.555	0.51	0.555	0.6	0.6475	0.595	0.6475	0.7	0.8325	0.765	0.8325	0.9	0.925	0.85	0.925	1	1	
