26
0 89.97 67.92 90.9 58.46 69.9 61.14 68.53 58.69 102.76 48.24 79.86 65.92 100.3 71.03 56.51 43.38 74.43 60.79 94.85 73.29 39.96 67.84 43.1 91.29 74.22 
89.97 0 22.09 11.67 50.7 20.15 57.07 22.93 38.07 16.11 43.49 13.96 27.7 10.46 19.81 34.28 62.7 21.68 30.08 31.31 41.47 52 24.12 58.48 19.46 25.32 
67.92 22.09 0 25.68 34.78 11.77 42.29 5.92 20.04 35.55 21.92 15.35 10.97 32.51 4.97 12.63 43.22 13.57 8.86 39.02 32.26 30.23 7.19 38.55 23.53 17.21 
90.9 11.67 25.68 0 58.65 22.65 65.59 28.9 44.75 25.2 47.45 11.11 34.43 14.25 25.62 38.22 68.77 30.52 34.53 19.64 51.41 55.49 30.35 64.17 10.25 34.66 
58.46 50.7 34.78 58.65 0 38.13 7.77 30.06 14.9 56.34 21.98 49.69 24.38 60.11 33.22 25.73 16.45 29.04 27.02 73.79 15.78 23.96 28.56 15.38 52.65 25.81 
69.9 20.15 11.77 22.65 38.13 0 45.62 8.8 23.4 34.5 24.8 12.09 14.18 30.41 6.8 15.58 46.45 15.59 12.06 35.66 35.17 32.93 10.21 41.74 21.4 19.55 
61.14 57.07 42.29 65.59 7.77 45.62 0 37.34 22.58 61.26 29.36 56.99 31.67 66.08 40.42 33.5 17.77 35.44 34.73 81.23 18.3 30.18 35.84 18.86 59.04 31.8 
68.53 22.93 5.92 28.9 30.06 8.8 37.34 0 15.85 34.23 20.84 19.65 5.68 33.3 10.89 12.02 40.12 8.28 7.74 43.94 26.39 29.42 9.86 35.72 24.66 11.47 
58.69 38.07 20.04 44.75 14.9 23.4 22.58 15.85 0 46.67 12.07 35.2 10.44 48.13 19.13 11.44 24.65 17.47 12.14 59.04 18.44 18.96 14.41 20.63 39.93 15.97 
102.76 16.11 35.55 25.2 56.34 34.5 61.26 34.23 46.67 0 54.85 30.07 37.38 12.26 31.82 46.25 70.71 29.25 41.97 43.64 43.46 63.4 34.96 67.16 16.19 31.09 
48.24 43.49 21.92 47.45 21.98 24.8 29.36 20.84 12.07 54.85 0 36.67 17.68 53.94 23.74 9.31 23.09 26.19 13.41 58.26 30.23 8.58 19.94 18.11 45.1 26.21 
79.86 13.96 15.35 11.11 49.69 12.09 56.99 19.65 35.2 30.07 36.67 0 25.33 22.21 16.59 27.57 58.54 23.58 24.15 24.46 44.66 44.54 21.15 53.82 14.14 27.92 
65.92 27.7 10.97 34.43 24.38 14.18 31.67 5.68 10.44 37.38 17.68 25.33 0 37.86 8.85 10.44 35.01 8.52 7.17 49.59 21.61 26.14 4.18 30.81 29.53 9.46 
100.3 10.46 32.51 14.25 60.11 30.41 66.08 33.3 48.13 12.26 53.94 22.21 37.86 0 30.23 44.73 72.77 31.17 40.53 31.53 49.5 62.45 34.44 68.67 9.01 34.35 
71.03 19.81 4.97 25.62 33.22 6.8 40.42 10.89 19.13 31.82 23.74 16.59 8.85 30.23 0 14.66 43.4 8.82 10.38 41 28.68 32.29 4.72 38.98 21.5 12.75 
56.51 34.28 12.63 38.22 25.73 15.58 33.5 12.02 11.44 46.25 9.31 27.57 10.44 44.73 14.66 0 31.23 18.66 4.3 49.96 28.88 17.72 11.39 26.39 35.85 19.86 
43.38 62.7 43.22 68.77 16.45 46.45 17.77 40.12 24.65 70.71 23.09 58.54 35.01 72.77 43.4 31.23 0 41.89 34.39 81.13 32.22 18.76 38.77 5 64.54 39.62 
74.43 21.68 13.57 30.52 29.04 15.59 35.44 8.28 17.47 29.25 26.19 23.58 8.52 31.17 8.82 18.66 41.89 0 14.8 47.88 21.16 34.59 7.91 38.08 23.64 4.34 
60.79 30.08 8.86 34.53 27.02 12.06 34.73 7.74 12.14 41.97 13.41 24.15 7.17 40.53 10.38 4.3 34.39 14.8 0 47.3 27.71 21.93 7.21 29.69 31.69 16.54 
94.85 31.31 39.02 19.64 73.79 35.66 81.23 43.94 59.04 43.64 58.26 24.46 49.59 31.53 41 49.96 81.13 47.88 47.3 0 69.03 65.05 45.44 76.22 29.87 52.2 
73.29 41.47 32.26 51.41 15.78 35.17 18.3 26.39 18.44 43.46 30.23 44.66 21.61 49.5 28.68 28.88 32.22 21.16 27.71 69.03 0 35.63 25.07 30.68 43.45 16.86 
39.96 52 30.23 55.49 23.96 32.93 30.18 29.42 18.96 63.4 8.58 44.54 26.14 62.45 32.29 17.72 18.76 34.59 21.93 65.05 35.63 0 28.52 14.03 53.58 34.26 
67.84 24.12 7.19 30.35 28.56 10.21 35.84 9.86 14.41 34.96 19.94 21.15 4.18 34.44 4.72 11.39 38.77 7.91 7.21 45.44 25.07 28.52 0 34.42 25.89 10.64 
43.1 58.48 38.55 64.17 15.38 41.74 18.86 35.72 20.63 67.16 18.11 53.82 30.81 68.67 38.98 26.39 5 38.08 29.69 76.22 30.68 14.03 34.42 0 60.29 36.14 
91.29 19.46 23.53 10.25 52.65 21.4 59.04 24.66 39.93 16.19 45.1 14.14 29.53 9.01 21.5 35.85 64.54 23.64 31.69 29.87 43.45 53.58 25.89 60.29 0 27.3 
74.22 25.32 17.21 34.66 25.81 19.55 31.8 11.47 15.97 31.09 26.21 27.92 9.46 34.35 12.75 19.86 39.62 4.34 16.54 52.2 16.86 34.26 10.64 36.14 27.3 0 
0	5000
0	143
0	175
0	235
0	383
0	444
0	561
0	646
0	671
0	738
0	819
0	894
0	940
0	998
0	1036
0	1053
0	1088
0	1132
0	1146
0	1194
0	1263
0	1298
0	1327
0	1361
0	1422
0	1449
C:
0 3 3 3 3 3 3 3 3 3 3 3 3 3 3 3 3 3 3 3 3 3 3 3 3 3 3 
2 0 2 2 2 2 2 2 2 2 2 2 2 2 2 2 2 2 2 2 2 2 2 2 2 2 2 
1 1 0 1 1 1 1 1 1 1 1 1 1 1 1 1 1 1 1 1 1 1 1 1 1 1 1 
3 3 3 0 3 3 3 3 3 3 3 3 3 3 3 3 3 3 3 3 3 3 3 3 3 3 3 
3 3 3 3 0 3 3 3 3 3 3 3 3 3 3 3 3 3 3 3 3 3 3 3 3 3 3 
1 1 1 1 1 0 1 1 1 1 1 1 1 1 1 1 1 1 1 1 1 1 1 1 1 1 1 
3 3 3 3 3 3 0 3 3 3 3 3 3 3 3 3 3 3 3 3 3 3 3 3 3 3 3 
1 1 1 1 1 1 1 0 1 1 1 1 1 1 1 1 1 1 1 1 1 1 1 1 1 1 1 
2 2 2 2 2 2 2 2 0 2 2 2 2 2 2 2 2 2 2 2 2 2 2 2 2 2 2 
3 3 3 3 3 3 3 3 3 0 3 3 3 3 3 3 3 3 3 3 3 3 3 3 3 3 3 
2 2 2 2 2 2 2 2 2 2 0 2 2 2 2 2 2 2 2 2 2 2 2 2 2 2 2 
2 2 2 2 2 2 2 2 2 2 2 0 2 2 2 2 2 2 2 2 2 2 2 2 2 2 2 
1 1 1 1 1 1 1 1 1 1 1 1 0 1 1 1 1 1 1 1 1 1 1 1 1 1 1 
3 3 3 3 3 3 3 3 3 3 3 3 3 0 3 3 3 3 3 3 3 3 3 3 3 3 3 
1 1 1 1 1 1 1 1 1 1 1 1 1 1 0 1 1 1 1 1 1 1 1 1 1 1 1 
1 1 1 1 1 1 1 1 1 1 1 1 1 1 1 0 1 1 1 1 1 1 1 1 1 1 1 
3 3 3 3 3 3 3 3 3 3 3 3 3 3 3 3 0 3 3 3 3 3 3 3 3 3 3 
1 1 1 1 1 1 1 1 1 1 1 1 1 1 1 1 1 0 1 1 1 1 1 1 1 1 1 
1 1 1 1 1 1 1 1 1 1 1 1 1 1 1 1 1 1 0 1 1 1 1 1 1 1 1 
3 3 3 3 3 3 3 3 3 3 3 3 3 3 3 3 3 3 3 0 3 3 3 3 3 3 3 
2 2 2 2 2 2 2 2 2 2 2 2 2 2 2 2 2 2 2 2 0 2 2 2 2 2 2 
3 3 3 3 3 3 3 3 3 3 3 3 3 3 3 3 3 3 3 3 3 0 3 3 3 3 3 
1 1 1 1 1 1 1 1 1 1 1 1 1 1 1 1 1 1 1 1 1 1 0 1 1 1 1 
3 3 3 3 3 3 3 3 3 3 3 3 3 3 3 3 3 3 3 3 3 3 3 0 3 3 3 
2 2 2 2 2 2 2 2 2 2 2 2 2 2 2 2 2 2 2 2 2 2 2 2 0 2 2 
1 1 1 1 1 1 1 1 1 1 1 1 1 1 1 1 1 1 1 1 1 1 1 1 1 0 1 
3 3 3 3 3 3 3 3 3 3 3 3 3 3 3 3 3 3 3 3 3 3 3 3 3 3 0 
Time:
0	15
15	30
30	45
45	60
60	75
75	90
90	105
105	120
120	135
135	150
150	165
165	180
180	195
195	210
210	225
225	240
240	255
255	270
270	285
285	300
300	315
315	330
330	345
345	360
360	375
375	390
390	405
405	420
420	435
435	450
450	465
465	480
480	495
495	510
510	525
525	540
540	555
555	570
570	585
585	600
600	615
615	630
630	645
645	660
660	675
675	690
690	705
705	720
720	735
735	750
750	765
765	780
780	795
795	810
810	825
825	840
840	855
855	870
870	885
885	900
900	915
915	930
930	945
945	960
960	975
975	990
990	1005
1005	1020
1020	1035
1035	1050
1050	1065
1065	1080
1080	5000
Speed:
0.925	0.85	0.925	1	0.8325	0.765	0.8325	0.9	0.4625	0.425	0.4625	0.5	0.30525	0.2805	0.30525	0.33	0.37	0.34	0.37	0.4	0.555	0.51	0.555	0.6	0.6475	0.595	0.6475	0.7	0.37	0.34	0.37	0.4	0.30525	0.2805	0.30525	0.33	0.4625	0.425	0.4625	0.5	0.6475	0.595	0.6475	0.7	0.74	0.68	0.74	0.8	0.6475	0.595	0.6475	0.7	0.4625	0.425	0.4625	0.5	0.555	0.51	0.555	0.6	0.6475	0.595	0.6475	0.7	0.8325	0.765	0.8325	0.9	0.925	0.85	0.925	1	1	
0.925	0.85	0.925	1	0.8325	0.765	0.8325	0.9	0.4625	0.425	0.4625	0.5	0.30525	0.2805	0.30525	0.33	0.37	0.34	0.37	0.4	0.555	0.51	0.555	0.6	0.6475	0.595	0.6475	0.7	0.37	0.34	0.37	0.4	0.30525	0.2805	0.30525	0.33	0.4625	0.425	0.4625	0.5	0.6475	0.595	0.6475	0.7	0.74	0.68	0.74	0.8	0.6475	0.595	0.6475	0.7	0.4625	0.425	0.4625	0.5	0.555	0.51	0.555	0.6	0.6475	0.595	0.6475	0.7	0.8325	0.765	0.8325	0.9	0.925	0.85	0.925	1	1	
0.925	0.85	0.925	1	0.8325	0.765	0.8325	0.9	0.4625	0.425	0.4625	0.5	0.30525	0.2805	0.30525	0.33	0.37	0.34	0.37	0.4	0.555	0.51	0.555	0.6	0.6475	0.595	0.6475	0.7	0.37	0.34	0.37	0.4	0.30525	0.2805	0.30525	0.33	0.4625	0.425	0.4625	0.5	0.6475	0.595	0.6475	0.7	0.74	0.68	0.74	0.8	0.6475	0.595	0.6475	0.7	0.4625	0.425	0.4625	0.5	0.555	0.51	0.555	0.6	0.6475	0.595	0.6475	0.7	0.8325	0.765	0.8325	0.9	0.925	0.85	0.925	1	1	
