31
0 72 58.58 75.15 67.47 71.99 72.76 71.69 75.45 61.24 70.5 71.11 84.12 66.84 86.5 59.16 81.16 75.11 67.31 63.59 72.07 57.35 79.14 72.32 70.72 57.27 81.62 80.11 69.16 80.02 63.3 
72 0 14.01 12.32 10.12 8.98 10.8 9.73 11.61 13.28 10.13 6.2 13.63 5.79 19.66 12.86 9.41 12.33 5.33 14 10.26 15.04 16.22 10.36 5.1 14.74 9.81 11.04 6.29 15.28 14.31 
58.58 14.01 0 16.93 9.89 14.03 19.72 13.27 17.49 4.28 12.91 12.63 27.41 10.33 32.34 4.27 23.41 16.88 8.88 8.09 13.79 9.72 26.87 13.9 14.77 11.91 23.81 24.16 13.87 26.7 8.05 
75.15 12.32 16.93 0 11.52 9.07 11.92 12.47 9.97 15.72 4.99 6.9 11.45 8.95 18.26 16.04 6.68 9.96 8.07 15.82 11.86 18.03 16.09 11.14 7.22 17.88 7.02 9.73 8.76 14.82 16.15 
67.47 10.12 9.89 11.52 0 4.53 20.18 8.15 12.66 6.28 10.49 4.75 22.96 11.26 29.63 12.15 17.99 11.46 6.3 4.53 9.07 11.2 26.25 8.55 14.11 12.74 18.24 21 14.39 25.39 4.87 
71.99 8.98 14.03 9.07 4.53 0 19.77 6.85 10.37 10.75 10.12 9.28 20.03 12.38 27.25 15.56 14.85 9.01 7.72 8.84 7.71 15.34 24.95 6.91 13.88 16.54 15.01 18.79 14.67 23.81 9.17 
72.76 10.8 19.72 11.92 20.18 19.77 0 12.92 10.78 21.13 9.8 16.92 12.57 9.75 13.82 16.35 12.52 11.95 14.05 23.19 12.08 20.18 7.21 12.91 6.07 18.48 13 8.28 6.1 7.46 23.44 
71.69 9.73 13.27 12.47 8.15 6.85 12.92 0 4.66 11.95 9.2 9.5 15.08 6.72 21.49 12.79 10.44 12.42 4.4 12.23 9.33 14.42 18.33 9.43 7.09 14.49 10.79 12.86 8.09 17.34 12.56 
75.45 11.61 17.49 9.97 12.66 10.37 10.78 4.66 0 16.55 4.98 8.12 10.41 8.86 17.03 16.29 5.93 9.95 8.73 16.87 12.86 18.54 14.77 12.35 6.51 18.21 6.32 8.46 8.15 13.5 17.2 
61.24 13.28 4.28 15.72 6.28 10.75 21.13 11.95 16.55 0 12.72 10.08 26.9 11.37 32.67 7.95 22.39 15.66 7.98 10.81 12.68 5.44 27.99 12.53 15.49 7.63 22.73 24.16 15.04 27.54 11.16 
70.5 10.13 12.91 4.99 10.49 10.12 9.8 9.2 4.98 12.72 0 7.21 14.5 9.8 19.95 11.34 10.71 4.97 4.8 13.95 9.73 13.86 15.81 9.83 11.49 13.31 11.15 11.45 4.65 15.08 14.24 
71.11 6.2 12.63 6.9 4.75 9.28 16.92 9.5 8.12 10.08 7.21 0 18.27 9.52 25.15 13.47 13.26 6.84 5.1 9.23 4.96 13.91 22.36 4.24 10.98 14.72 13.5 16.56 11.74 21.31 9.58 
84.12 13.63 27.41 11.45 22.96 20.03 12.57 15.08 10.41 26.9 14.5 18.27 0 17.57 7.89 25.44 5.23 11.51 18.96 27.26 14.27 28.33 10.48 14.56 13.43 27.53 5.19 4.3 14.96 8.55 27.59 
66.84 5.79 10.33 8.95 11.26 12.38 9.75 6.72 8.86 11.37 9.8 9.52 17.57 0 22.03 7.87 14.34 8.92 4.99 13.62 6.49 11.03 16.7 7.18 4.44 9.97 14.81 14 12.08 16.41 13.85 
86.5 19.66 32.34 18.26 29.63 27.25 13.82 21.49 17.03 32.67 19.95 25.15 7.89 22.03 0 29.58 12.91 18.32 24.73 33.65 20.59 33.05 7.64 21.08 17.58 31.73 12.96 8.63 18.65 6.49 33.97 
59.16 12.86 4.27 16.04 12.15 15.56 16.35 12.79 16.29 7.95 11.34 13.47 25.44 7.87 29.58 0 22.03 16 8.67 11.65 13.03 13.39 23.56 13.4 12.17 15.59 22.48 21.81 10.93 23.61 11.69 
81.16 9.41 23.41 6.68 17.99 14.85 12.52 10.44 5.93 22.39 10.71 13.26 5.23 14.34 12.91 22.03 0 6.74 14.65 22.39 9.75 24.45 13.38 9.87 10.9 24.02 10.42 5.8 12.61 11.62 22.73 
75.11 12.33 16.88 9.96 11.46 9.01 11.95 12.42 9.95 15.66 4.97 6.84 11.51 8.92 18.32 16 6.74 0 8.02 15.76 11.81 17.98 16.14 11.08 7.23 17.84 7.07 9.79 8.76 14.87 16.09 
67.31 5.33 8.88 8.07 6.3 7.72 14.05 4.4 8.73 7.98 4.8 5.1 18.96 4.99 24.73 8.67 14.65 8.02 0 9.22 4.93 10.02 20.49 5.03 8.04 10.21 15.02 16.19 8.12 19.84 9.5 
63.59 14 8.09 15.82 4.53 8.84 23.19 12.23 16.87 10.81 13.95 9.23 27.26 13.62 33.65 11.65 22.39 15.76 9.22 0 13.1 9.22 29.71 12.71 17.24 11.45 22.67 25.03 17.14 29.03 9.4 
72.07 10.26 13.79 11.86 9.07 7.71 12.08 9.33 12.86 12.68 9.73 4.96 14.27 6.49 20.59 13.03 9.75 11.81 4.93 13.1 0 14.89 17.41 9.2 6.35 14.82 10.11 11.96 7.46 16.41 13.43 
57.35 15.04 9.72 18.03 11.2 15.34 20.18 14.42 18.54 5.44 13.86 13.91 28.33 11.03 33.05 13.39 24.45 17.98 10.02 9.22 14.89 0 27.36 15.04 15.47 13.07 24.86 24.97 14.46 27.28 9.15 
79.14 16.22 26.87 16.09 26.25 24.95 7.21 18.33 14.77 27.99 15.81 22.36 10.48 16.7 7.64 23.56 13.38 16.14 20.49 29.71 17.41 27.36 0 18.12 12.53 25.69 13.7 7.58 13.05 13.41 29.99 
72.32 10.36 13.9 11.14 8.55 6.91 12.91 9.43 12.35 12.53 9.83 4.24 14.56 7.18 21.08 13.4 9.87 11.08 5.03 12.71 9.2 15.04 18.12 0 7.2 15.12 10.2 12.46 8.3 17.08 13.04 
70.72 5.1 14.77 7.22 14.11 13.88 6.07 7.09 6.51 15.49 11.49 10.98 13.43 4.44 17.58 12.17 10.9 7.23 8.04 17.24 6.35 15.47 12.53 7.2 0 14.31 11.39 9.64 11.39 12.07 17.51 
57.27 14.74 11.91 17.88 12.74 16.54 18.48 14.49 18.21 7.63 13.31 14.72 27.53 9.97 31.73 15.59 24.02 17.84 10.21 11.45 14.82 13.07 25.69 15.12 14.31 0 24.46 23.94 13.09 25.76 11.42 
81.62 9.81 23.81 7.02 18.24 15.01 13 10.79 6.32 22.73 11.15 13.5 5.19 14.81 12.96 22.48 10.42 7.07 15.02 22.67 10.11 24.86 13.7 10.2 11.39 24.46 0 6.12 13.11 11.91 23.01 
80.11 11.04 24.16 9.73 21 18.79 8.28 12.86 8.46 24.16 11.45 16.56 4.3 14 8.63 21.81 5.8 9.79 16.19 25.03 11.96 24.97 7.58 12.46 9.64 23.94 6.12 0 11.04 5.83 25.35 
69.16 6.29 13.87 8.76 14.39 14.67 6.1 8.09 8.15 15.04 4.65 11.74 14.96 12.08 18.65 10.93 12.61 8.76 8.12 17.14 7.46 14.46 13.05 8.3 11.39 13.09 13.11 11.04 0 12.84 17.39 
80.02 15.28 26.7 14.82 25.39 23.81 7.46 17.34 13.5 27.54 15.08 21.31 8.55 16.41 6.49 23.61 11.62 14.87 19.84 29.03 16.41 27.28 13.41 17.08 12.07 25.76 11.91 5.83 12.84 0 29.32 
63.3 14.31 8.05 16.15 4.87 9.17 23.44 12.56 17.2 11.16 14.24 9.58 27.59 13.85 33.97 11.69 22.73 16.09 9.5 9.4 13.43 9.15 29.99 13.04 17.51 11.42 23.01 25.35 17.39 29.32 0 
0	5000
0	121
0	138
0	158
0	180
0	191
0	239
0	281
0	294
0	338
0	362
0	376
0	407
0	435
0	474
0	562
0	616
0	630
0	645
0	660
0	681
0	702
0	740
0	764
0	775
0	799
0	842
0	855
0	878
0	902
0	952
C:
0 3 3 3 3 3 3 3 3 3 3 3 3 3 3 3 3 3 3 3 3 3 3 3 3 3 3 3 3 3 3 3 
1 0 1 1 1 1 1 1 1 1 1 1 1 1 1 1 1 1 1 1 1 1 1 1 1 1 1 1 1 1 1 1 
1 1 0 1 1 1 1 1 1 1 1 1 1 1 1 1 1 1 1 1 1 1 1 1 1 1 1 1 1 1 1 1 
1 1 1 0 1 1 1 1 1 1 1 1 1 1 1 1 1 1 1 1 1 1 1 1 1 1 1 1 1 1 1 1 
1 1 1 1 0 1 1 1 1 1 1 1 1 1 1 1 1 1 1 1 1 1 1 1 1 1 1 1 1 1 1 1 
1 1 1 1 1 0 1 1 1 1 1 1 1 1 1 1 1 1 1 1 1 1 1 1 1 1 1 1 1 1 1 1 
1 1 1 1 1 1 0 1 1 1 1 1 1 1 1 1 1 1 1 1 1 1 1 1 1 1 1 1 1 1 1 1 
1 1 1 1 1 1 1 0 1 1 1 1 1 1 1 1 1 1 1 1 1 1 1 1 1 1 1 1 1 1 1 1 
1 1 1 1 1 1 1 1 0 1 1 1 1 1 1 1 1 1 1 1 1 1 1 1 1 1 1 1 1 1 1 1 
1 1 1 1 1 1 1 1 1 0 1 1 1 1 1 1 1 1 1 1 1 1 1 1 1 1 1 1 1 1 1 1 
1 1 1 1 1 1 1 1 1 1 0 1 1 1 1 1 1 1 1 1 1 1 1 1 1 1 1 1 1 1 1 1 
1 1 1 1 1 1 1 1 1 1 1 0 1 1 1 1 1 1 1 1 1 1 1 1 1 1 1 1 1 1 1 1 
1 1 1 1 1 1 1 1 1 1 1 1 0 1 1 1 1 1 1 1 1 1 1 1 1 1 1 1 1 1 1 1 
1 1 1 1 1 1 1 1 1 1 1 1 1 0 1 1 1 1 1 1 1 1 1 1 1 1 1 1 1 1 1 1 
2 2 2 2 2 2 2 2 2 2 2 2 2 2 0 2 2 2 2 2 2 2 2 2 2 2 2 2 2 2 2 2 
1 1 1 1 1 1 1 1 1 1 1 1 1 1 1 0 1 1 1 1 1 1 1 1 1 1 1 1 1 1 1 1 
1 1 1 1 1 1 1 1 1 1 1 1 1 1 1 1 0 1 1 1 1 1 1 1 1 1 1 1 1 1 1 1 
1 1 1 1 1 1 1 1 1 1 1 1 1 1 1 1 1 0 1 1 1 1 1 1 1 1 1 1 1 1 1 1 
1 1 1 1 1 1 1 1 1 1 1 1 1 1 1 1 1 1 0 1 1 1 1 1 1 1 1 1 1 1 1 1 
1 1 1 1 1 1 1 1 1 1 1 1 1 1 1 1 1 1 1 0 1 1 1 1 1 1 1 1 1 1 1 1 
1 1 1 1 1 1 1 1 1 1 1 1 1 1 1 1 1 1 1 1 0 1 1 1 1 1 1 1 1 1 1 1 
1 1 1 1 1 1 1 1 1 1 1 1 1 1 1 1 1 1 1 1 1 0 1 1 1 1 1 1 1 1 1 1 
2 2 2 2 2 2 2 2 2 2 2 2 2 2 2 2 2 2 2 2 2 2 0 2 2 2 2 2 2 2 2 2 
1 1 1 1 1 1 1 1 1 1 1 1 1 1 1 1 1 1 1 1 1 1 1 0 1 1 1 1 1 1 1 1 
1 1 1 1 1 1 1 1 1 1 1 1 1 1 1 1 1 1 1 1 1 1 1 1 0 1 1 1 1 1 1 1 
1 1 1 1 1 1 1 1 1 1 1 1 1 1 1 1 1 1 1 1 1 1 1 1 1 0 1 1 1 1 1 1 
1 1 1 1 1 1 1 1 1 1 1 1 1 1 1 1 1 1 1 1 1 1 1 1 1 1 0 1 1 1 1 1 
1 1 1 1 1 1 1 1 1 1 1 1 1 1 1 1 1 1 1 1 1 1 1 1 1 1 1 0 1 1 1 1 
1 1 1 1 1 1 1 1 1 1 1 1 1 1 1 1 1 1 1 1 1 1 1 1 1 1 1 1 0 1 1 1 
2 2 2 2 2 2 2 2 2 2 2 2 2 2 2 2 2 2 2 2 2 2 2 2 2 2 2 2 2 0 2 2 
1 1 1 1 1 1 1 1 1 1 1 1 1 1 1 1 1 1 1 1 1 1 1 1 1 1 1 1 1 1 0 1 
3 3 3 3 3 3 3 3 3 3 3 3 3 3 3 3 3 3 3 3 3 3 3 3 3 3 3 3 3 3 3 0 
Time:
0	15
15	30
30	45
45	60
60	75
75	90
90	105
105	120
120	135
135	150
150	165
165	180
180	195
195	210
210	225
225	240
240	255
255	270
270	285
285	300
300	315
315	330
330	345
345	360
360	375
375	390
390	405
405	420
420	435
435	450
450	465
465	480
480	495
495	510
510	525
525	540
540	555
555	570
570	585
585	600
600	615
615	630
630	645
645	660
660	675
675	690
690	705
705	720
720	735
735	750
750	765
765	780
780	795
795	810
810	825
825	840
840	855
855	870
870	885
885	900
900	915
915	930
930	945
945	960
960	975
975	990
990	1005
1005	1020
1020	1035
1035	1050
1050	1065
1065	1080
1080	5000
Speed:
0.925	0.85	0.925	1	0.8325	0.765	0.8325	0.9	0.4625	0.425	0.4625	0.5	0.30525	0.2805	0.30525	0.33	0.37	0.34	0.37	0.4	0.555	0.51	0.555	0.6	0.6475	0.595	0.6475	0.7	0.37	0.34	0.37	0.4	0.30525	0.2805	0.30525	0.33	0.4625	0.425	0.4625	0.5	0.6475	0.595	0.6475	0.7	0.74	0.68	0.74	0.8	0.6475	0.595	0.6475	0.7	0.4625	0.425	0.4625	0.5	0.555	0.51	0.555	0.6	0.6475	0.595	0.6475	0.7	0.8325	0.765	0.8325	0.9	0.925	0.85	0.925	1	1	
0.925	0.85	0.925	1	0.8325	0.765	0.8325	0.9	0.4625	0.425	0.4625	0.5	0.30525	0.2805	0.30525	0.33	0.37	0.34	0.37	0.4	0.555	0.51	0.555	0.6	0.6475	0.595	0.6475	0.7	0.37	0.34	0.37	0.4	0.30525	0.2805	0.30525	0.33	0.4625	0.425	0.4625	0.5	0.6475	0.595	0.6475	0.7	0.74	0.68	0.74	0.8	0.6475	0.595	0.6475	0.7	0.4625	0.425	0.4625	0.5	0.555	0.51	0.555	0.6	0.6475	0.595	0.6475	0.7	0.8325	0.765	0.8325	0.9	0.925	0.85	0.925	1	1	
0.925	0.85	0.925	1	0.8325	0.765	0.8325	0.9	0.4625	0.425	0.4625	0.5	0.30525	0.2805	0.30525	0.33	0.37	0.34	0.37	0.4	0.555	0.51	0.555	0.6	0.6475	0.595	0.6475	0.7	0.37	0.34	0.37	0.4	0.30525	0.2805	0.30525	0.33	0.4625	0.425	0.4625	0.5	0.6475	0.595	0.6475	0.7	0.74	0.68	0.74	0.8	0.6475	0.595	0.6475	0.7	0.4625	0.425	0.4625	0.5	0.555	0.51	0.555	0.6	0.6475	0.595	0.6475	0.7	0.8325	0.765	0.8325	0.9	0.925	0.85	0.925	1	1	
