31
0 63.88 81.67 68.78 78.53 60.01 79.01 61.8 69.77 65.84 67.6 73.02 77.92 71.2 61.9 82.77 62.03 83.02 71.94 77.11 64.17 81.56 64.12 59.69 63.89 84.26 71.68 79.5 66.36 82.81 78.96 
63.88 0 18.38 5.07 14.67 12.87 15.13 12.05 6.05 9.63 5.54 14.66 17.56 7.33 11.31 18.93 11.88 27.27 8.22 16.58 8.8 22.98 12.03 4.22 8.59 20.48 11.38 15.62 11.02 19.61 15.53 
81.67 18.38 0 13.31 6.56 22.15 5.74 20.11 12.34 22.05 16.93 11.78 7.77 11.76 21.35 4.2 20.07 16.76 11.85 7.7 17.75 11.38 25.3 22.34 17.98 11.23 17.42 5.86 15.53 8.76 9.04 
68.78 5.07 13.31 0 9.97 8.88 10.33 6.98 10.21 11.49 5.73 11.32 13.18 11.05 8.21 14 6.81 23.48 4.41 12.21 4.61 18.78 14.55 9.13 4.91 15.5 10.4 10.86 11.04 14.54 10.46 
78.53 14.67 6.56 9.97 0 18.53 12.07 16.85 9.02 16.1 11.64 14.39 12.31 7.34 16.89 4.62 16.53 22.6 6.71 11.77 14.53 17.17 19.27 18.87 14.85 6.4 11 9.14 12.44 7.6 4.73 
60.01 12.87 22.15 8.88 18.53 0 19.01 11.22 9.88 10.73 8.51 17.2 20.69 11.2 9.45 22.8 11.2 29.82 12.02 19.72 4.44 25.91 12.24 8.65 4.28 24.35 14.1 19.5 6.63 23.37 19.32 
79.01 15.13 5.74 10.33 12.07 19.01 0 17.27 9.36 16.88 12.32 14.02 11.71 7.83 17.47 9.94 16.99 21.9 7.32 11.2 14.92 16.46 20.06 19.33 15.24 5.67 11.83 11.05 12.8 6.77 11.35 
61.8 12.05 20.11 6.98 16.85 11.22 17.27 0 7.97 11.34 7.91 14.96 18.43 9.57 4.31 20.98 9.15 27.59 10.57 17.46 9.38 23.64 13.33 11.39 9.49 22.47 13.73 17.78 4.59 21.31 17.3 
69.77 6.05 12.34 10.21 9.02 9.88 9.36 7.97 0 11.93 6.13 10.98 12.5 11.45 9.12 13.01 7.8 22.93 11.23 11.54 5.6 18.13 15.06 10.12 5.9 14.5 10.32 9.9 12.31 13.57 9.48 
65.84 9.63 22.05 11.49 16.1 10.73 16.88 11.34 11.93 0 5.81 22.81 24.28 10.94 7.31 20.66 10.39 34.85 10.35 23.34 11.05 29.93 14.78 11.36 11.34 22.46 6.05 17.1 11.46 23.25 19.35 
67.6 5.54 16.93 5.73 11.64 8.51 12.32 7.91 6.13 5.81 0 17.05 18.51 5.32 5.77 16.25 7.11 29.04 5.1 17.57 6.58 24.16 8.97 9.06 6.95 17.99 5.84 12.67 6.18 18.16 14.11 
73.02 14.66 11.78 11.32 14.39 17.2 14.02 14.96 10.98 22.81 17.05 0 5.09 12.67 18.33 15.37 15.48 12.64 13.94 4.51 13.31 8.97 25.83 17.04 13.27 15.75 20.99 14.56 11.8 12.4 10.62 
77.92 17.56 7.77 13.18 12.31 20.69 11.71 18.43 12.5 24.28 18.51 5.09 0 13.39 21.12 11.84 18.77 10.76 14.29 9.6 16.41 5.65 27.48 20.65 16.48 11.77 21.21 12.13 14.49 8.04 7.72 
71.2 7.33 11.76 11.05 7.34 11.2 7.83 9.57 11.45 10.94 5.32 12.67 13.39 0 9.73 11.69 9.21 24.07 10.42 12.48 7.3 19.03 14.18 11.55 7.65 13.32 8.33 8.3 5.37 13 8.9 
61.9 11.31 21.35 8.21 16.89 9.45 17.47 4.31 9.12 7.31 5.77 18.33 21.12 9.73 0 21.38 11.22 30.93 10.18 20.14 5.06 26.6 9.04 9.55 5.18 23.04 10.94 17.9 6.65 22.59 18.47 
82.77 18.93 4.2 14 4.62 22.8 9.94 20.98 13.01 20.66 16.25 15.37 11.84 11.69 21.38 0 20.76 20.87 11.25 11.65 18.61 15.53 23.8 23.09 18.91 10.52 15.33 9.26 16.44 4.56 4.85 
62.03 11.88 20.07 6.81 16.53 11.2 16.99 9.15 7.8 10.39 7.11 15.48 18.77 9.21 11.22 20.76 0 28.13 10.11 17.79 11.42 24.06 12.4 11.37 11.72 22.29 12.9 17.48 4.56 21.29 17.24 
83.02 27.27 16.76 23.48 22.6 29.82 21.9 27.59 22.93 34.85 29.04 12.64 10.76 24.07 30.93 20.87 28.13 0 25.03 11.61 25.94 5.44 38 29.64 25.91 20.09 31.98 22.21 24.33 16.34 17.88 
71.94 8.22 11.85 4.41 6.71 12.02 7.32 10.57 11.23 10.35 5.1 13.94 14.29 10.42 10.18 11.25 10.11 25.03 0 13.42 8.39 19.89 13.61 12.42 8.76 12.96 7.08 7.72 6.63 13.08 9.07 
77.11 16.58 7.7 12.21 11.77 19.72 11.2 17.46 11.54 23.34 17.57 4.51 9.6 12.48 20.14 11.65 17.79 11.61 13.42 0 15.43 6.59 26.54 19.69 15.5 11.72 20.38 11.65 13.51 8.12 7.29 
64.17 8.8 17.75 4.61 14.53 4.44 14.92 9.38 5.6 11.05 6.58 13.31 16.41 7.3 5.06 18.61 11.42 25.94 8.39 15.43 0 21.76 13.51 4.59 8.72 20.1 12.39 15.44 11.07 18.96 14.94 
81.56 22.98 11.38 18.78 17.17 25.91 16.46 23.64 18.13 29.93 24.16 8.97 5.65 19.03 26.6 15.53 24.06 5.44 19.89 6.59 21.76 0 33.13 25.81 21.79 14.87 26.73 16.77 19.94 11.04 12.44 
64.12 12.03 25.3 14.55 19.27 12.24 20.06 13.33 15.06 14.78 8.97 25.83 27.48 14.18 9.04 23.8 12.4 38 13.61 26.54 13.51 33.13 0 12.85 13.75 25.61 8.78 20.26 14.25 26.49 22.61 
59.69 4.22 22.34 9.13 18.87 8.65 19.33 11.39 10.12 11.36 9.06 17.04 20.65 11.55 9.55 23.09 11.37 29.64 12.42 19.69 4.59 25.81 12.85 0 4.37 24.62 14.69 19.83 6.8 23.54 19.52 
63.89 8.59 17.98 4.91 14.85 4.28 15.24 9.49 5.9 11.34 6.95 13.27 16.48 7.65 5.18 18.91 11.72 25.91 8.76 15.5 8.72 21.79 13.75 4.37 0 20.38 12.77 15.76 10.91 19.18 15.18 
84.26 20.48 11.23 15.5 6.4 24.35 5.67 22.47 14.5 22.46 17.99 15.75 11.77 13.32 23.04 10.52 22.29 20.09 12.96 11.72 20.1 14.87 25.61 24.62 20.38 0 17.13 5.38 17.9 12.19 5.68 
71.68 11.38 17.42 10.4 11 14.1 11.83 13.73 10.32 6.05 5.84 20.99 21.21 8.33 10.94 15.33 12.9 31.98 7.08 20.38 12.39 26.73 8.78 14.69 12.77 17.13 0 11.92 11.66 18.54 15 
79.5 15.62 5.86 10.86 9.14 19.5 11.05 17.78 9.9 17.1 12.67 14.56 12.13 8.3 17.9 9.26 17.48 22.21 7.72 11.65 15.44 16.77 20.26 19.83 15.76 5.38 11.92 0 13.33 6.82 4.42 
66.36 11.02 15.53 11.04 12.44 6.63 12.8 4.59 12.31 11.46 6.18 11.8 14.49 5.37 6.65 16.44 4.56 24.33 6.63 13.51 11.07 19.94 14.25 6.8 10.91 17.9 11.66 13.33 0 16.74 12.72 
82.81 19.61 8.76 14.54 7.6 23.37 6.77 21.31 13.57 23.25 18.16 12.4 8.04 13 22.59 4.56 21.29 16.34 13.08 8.12 18.96 11.04 26.49 23.54 19.18 12.19 18.54 6.82 16.74 0 9.41 
78.96 15.53 9.04 10.46 4.73 19.32 11.35 17.3 9.48 19.35 14.11 10.62 7.72 8.9 18.47 4.85 17.24 17.88 9.07 7.29 14.94 12.44 22.61 19.52 15.18 5.68 15 4.42 12.72 9.41 0 
0	5000
0	111
0	134
0	150
0	161
0	202
0	254
0	305
0	327
0	352
0	363
0	394
0	402
0	424
0	439
0	479
0	538
0	615
0	660
0	682
0	704
0	734
0	781
0	802
0	808
0	847
0	883
0	905
0	929
0	956
0	971
C:
0 3 3 3 3 3 3 3 3 3 3 3 3 3 3 3 3 3 3 3 3 3 3 3 3 3 3 3 3 3 3 3 
1 0 1 1 1 1 1 1 1 1 1 1 1 1 1 1 1 1 1 1 1 1 1 1 1 1 1 1 1 1 1 1 
1 1 0 1 1 1 1 1 1 1 1 1 1 1 1 1 1 1 1 1 1 1 1 1 1 1 1 1 1 1 1 1 
1 1 1 0 1 1 1 1 1 1 1 1 1 1 1 1 1 1 1 1 1 1 1 1 1 1 1 1 1 1 1 1 
1 1 1 1 0 1 1 1 1 1 1 1 1 1 1 1 1 1 1 1 1 1 1 1 1 1 1 1 1 1 1 1 
1 1 1 1 1 0 1 1 1 1 1 1 1 1 1 1 1 1 1 1 1 1 1 1 1 1 1 1 1 1 1 1 
1 1 1 1 1 1 0 1 1 1 1 1 1 1 1 1 1 1 1 1 1 1 1 1 1 1 1 1 1 1 1 1 
1 1 1 1 1 1 1 0 1 1 1 1 1 1 1 1 1 1 1 1 1 1 1 1 1 1 1 1 1 1 1 1 
1 1 1 1 1 1 1 1 0 1 1 1 1 1 1 1 1 1 1 1 1 1 1 1 1 1 1 1 1 1 1 1 
1 1 1 1 1 1 1 1 1 0 1 1 1 1 1 1 1 1 1 1 1 1 1 1 1 1 1 1 1 1 1 1 
1 1 1 1 1 1 1 1 1 1 0 1 1 1 1 1 1 1 1 1 1 1 1 1 1 1 1 1 1 1 1 1 
1 1 1 1 1 1 1 1 1 1 1 0 1 1 1 1 1 1 1 1 1 1 1 1 1 1 1 1 1 1 1 1 
1 1 1 1 1 1 1 1 1 1 1 1 0 1 1 1 1 1 1 1 1 1 1 1 1 1 1 1 1 1 1 1 
1 1 1 1 1 1 1 1 1 1 1 1 1 0 1 1 1 1 1 1 1 1 1 1 1 1 1 1 1 1 1 1 
1 1 1 1 1 1 1 1 1 1 1 1 1 1 0 1 1 1 1 1 1 1 1 1 1 1 1 1 1 1 1 1 
1 1 1 1 1 1 1 1 1 1 1 1 1 1 1 0 1 1 1 1 1 1 1 1 1 1 1 1 1 1 1 1 
1 1 1 1 1 1 1 1 1 1 1 1 1 1 1 1 0 1 1 1 1 1 1 1 1 1 1 1 1 1 1 1 
2 2 2 2 2 2 2 2 2 2 2 2 2 2 2 2 2 0 2 2 2 2 2 2 2 2 2 2 2 2 2 2 
1 1 1 1 1 1 1 1 1 1 1 1 1 1 1 1 1 1 0 1 1 1 1 1 1 1 1 1 1 1 1 1 
1 1 1 1 1 1 1 1 1 1 1 1 1 1 1 1 1 1 1 0 1 1 1 1 1 1 1 1 1 1 1 1 
1 1 1 1 1 1 1 1 1 1 1 1 1 1 1 1 1 1 1 1 0 1 1 1 1 1 1 1 1 1 1 1 
2 2 2 2 2 2 2 2 2 2 2 2 2 2 2 2 2 2 2 2 2 0 2 2 2 2 2 2 2 2 2 2 
1 1 1 1 1 1 1 1 1 1 1 1 1 1 1 1 1 1 1 1 1 1 0 1 1 1 1 1 1 1 1 1 
1 1 1 1 1 1 1 1 1 1 1 1 1 1 1 1 1 1 1 1 1 1 1 0 1 1 1 1 1 1 1 1 
1 1 1 1 1 1 1 1 1 1 1 1 1 1 1 1 1 1 1 1 1 1 1 1 0 1 1 1 1 1 1 1 
1 1 1 1 1 1 1 1 1 1 1 1 1 1 1 1 1 1 1 1 1 1 1 1 1 0 1 1 1 1 1 1 
1 1 1 1 1 1 1 1 1 1 1 1 1 1 1 1 1 1 1 1 1 1 1 1 1 1 0 1 1 1 1 1 
1 1 1 1 1 1 1 1 1 1 1 1 1 1 1 1 1 1 1 1 1 1 1 1 1 1 1 0 1 1 1 1 
1 1 1 1 1 1 1 1 1 1 1 1 1 1 1 1 1 1 1 1 1 1 1 1 1 1 1 1 0 1 1 1 
1 1 1 1 1 1 1 1 1 1 1 1 1 1 1 1 1 1 1 1 1 1 1 1 1 1 1 1 1 0 1 1 
1 1 1 1 1 1 1 1 1 1 1 1 1 1 1 1 1 1 1 1 1 1 1 1 1 1 1 1 1 1 0 1 
3 3 3 3 3 3 3 3 3 3 3 3 3 3 3 3 3 3 3 3 3 3 3 3 3 3 3 3 3 3 3 0 
Time:
0	15
15	30
30	45
45	60
60	75
75	90
90	105
105	120
120	135
135	150
150	165
165	180
180	195
195	210
210	225
225	240
240	255
255	270
270	285
285	300
300	315
315	330
330	345
345	360
360	375
375	390
390	405
405	420
420	435
435	450
450	465
465	480
480	495
495	510
510	525
525	540
540	555
555	570
570	585
585	600
600	615
615	630
630	645
645	660
660	675
675	690
690	705
705	720
720	735
735	750
750	765
765	780
780	795
795	810
810	825
825	840
840	855
855	870
870	885
885	900
900	915
915	930
930	945
945	960
960	975
975	990
990	1005
1005	1020
1020	1035
1035	1050
1050	1065
1065	1080
1080	5000
Speed:
0.925	0.85	0.925	1	0.8325	0.765	0.8325	0.9	0.4625	0.425	0.4625	0.5	0.30525	0.2805	0.30525	0.33	0.37	0.34	0.37	0.4	0.555	0.51	0.555	0.6	0.6475	0.595	0.6475	0.7	0.37	0.34	0.37	0.4	0.30525	0.2805	0.30525	0.33	0.4625	0.425	0.4625	0.5	0.6475	0.595	0.6475	0.7	0.74	0.68	0.74	0.8	0.6475	0.595	0.6475	0.7	0.4625	0.425	0.4625	0.5	0.555	0.51	0.555	0.6	0.6475	0.595	0.6475	0.7	0.8325	0.765	0.8325	0.9	0.925	0.85	0.925	1	1	
0.925	0.85	0.925	1	0.8325	0.765	0.8325	0.9	0.4625	0.425	0.4625	0.5	0.30525	0.2805	0.30525	0.33	0.37	0.34	0.37	0.4	0.555	0.51	0.555	0.6	0.6475	0.595	0.6475	0.7	0.37	0.34	0.37	0.4	0.30525	0.2805	0.30525	0.33	0.4625	0.425	0.4625	0.5	0.6475	0.595	0.6475	0.7	0.74	0.68	0.74	0.8	0.6475	0.595	0.6475	0.7	0.4625	0.425	0.4625	0.5	0.555	0.51	0.555	0.6	0.6475	0.595	0.6475	0.7	0.8325	0.765	0.8325	0.9	0.925	0.85	0.925	1	1	
0.925	0.85	0.925	1	0.8325	0.765	0.8325	0.9	0.4625	0.425	0.4625	0.5	0.30525	0.2805	0.30525	0.33	0.37	0.34	0.37	0.4	0.555	0.51	0.555	0.6	0.6475	0.595	0.6475	0.7	0.37	0.34	0.37	0.4	0.30525	0.2805	0.30525	0.33	0.4625	0.425	0.4625	0.5	0.6475	0.595	0.6475	0.7	0.74	0.68	0.74	0.8	0.6475	0.595	0.6475	0.7	0.4625	0.425	0.4625	0.5	0.555	0.51	0.555	0.6	0.6475	0.595	0.6475	0.7	0.8325	0.765	0.8325	0.9	0.925	0.85	0.925	1	1	
