31
0 77.18 78.57 78.91 60.56 72.07 79.27 86.06 74.49 63.9 52.43 81.48 76.53 71.72 66.14 58.2 75.45 85.12 68.46 69.18 69.09 64.91 64.43 67.78 63.95 84.68 64.43 60.84 73.66 73.8 78.09 
77.18 0 16.13 6.38 22.03 30.5 6.36 12.44 21.38 23.54 31.07 22.32 10.42 20.71 19.01 25.71 21.25 21.21 15 28.85 10.96 27.12 31.1 41.87 31.5 20.33 19.98 29.11 27.05 8.78 22.08 
78.57 16.13 0 10.07 18.02 16.32 22.31 26.76 6.98 15.51 26.77 6.34 5.89 8.31 12.45 20.68 6.35 7.2 10.5 15.94 12.25 16.79 19.96 28.61 20.5 6.51 14.17 20.42 12.47 8.93 6.16 
78.91 6.38 10.07 0 20.52 25.49 12.3 16.88 16.08 20.59 29.93 16.09 5.01 16.02 16.2 24.05 15.77 14.83 12.33 24.32 9.96 23.5 27.31 37.39 27.77 13.95 17.57 26.19 21.83 5.56 16.19 
60.56 22.03 18.02 20.52 0 17.22 27.33 34.28 14.68 5.29 9.42 21.42 16.79 11.79 5.59 11.11 15.56 24.67 8.39 13.96 11.13 9.32 12.66 24.06 12.76 24.17 13.63 8.59 16.32 14.97 18.24 
72.07 30.5 16.32 25.49 17.22 0 36.85 42.33 9.48 11.93 20.77 13.63 20.51 9.82 14.31 16.81 9.98 18.22 17.05 12.64 21.62 8.34 7.64 12.36 8.12 18.39 14.87 11.76 15.23 21.76 10.87 
79.27 6.36 22.31 12.3 27.33 36.85 0 7.23 27.75 29.43 35.94 28.39 16.73 27.04 24.93 30.99 27.6 26.83 20.99 35.13 16.64 33.19 37.19 48.11 37.57 25.96 25.74 34.91 33.41 15.1 28.35 
86.06 12.44 26.76 16.88 34.28 42.33 7.23 0 32.95 35.98 43.06 32.3 21.82 32.7 31.45 37.96 32.64 29.85 27.43 40.96 23.34 39.51 43.47 54.04 43.88 29.03 32.4 41.54 38.7 21 32.92 
74.49 21.38 6.98 16.08 14.68 9.48 27.75 32.95 0 10.59 22.08 6.99 11.15 12.45 9.47 16.35 11.91 11.04 10.05 8.98 13.95 10.53 13.23 21.68 13.79 10.83 10.95 14.5 5.75 12.85 12.81 
63.9 23.54 15.51 20.59 5.29 11.93 29.43 35.98 10.59 0 11.52 17.58 16.07 7.84 4.54 5.81 11.55 21.37 8.56 8.69 12.81 4.34 8.18 19.68 8.43 21.02 12.43 5.62 11.19 15.31 14.19 
52.43 31.07 26.77 29.93 9.42 20.77 35.94 43.06 22.08 11.52 0 29.08 26.16 19.36 14.49 6.12 23.05 32.88 17.78 17.53 20.37 12.78 13.57 22.46 13.27 32.51 12.82 9.01 21.57 24.38 25.67 
81.48 22.32 6.34 16.09 21.42 13.63 28.39 32.3 6.99 17.58 29.08 0 12.23 9.78 15.96 23.31 6.03 4.6 15.35 14.58 18.09 17.26 19.39 25.77 19.96 4.79 17.57 21.32 10 15.22 12.42 
76.53 10.42 5.89 5.01 16.79 20.51 16.73 21.82 11.15 16.07 26.16 12.23 0 11.01 11.89 20.11 10.91 12.23 8.4 19.32 7.84 18.68 22.41 32.39 22.89 11.38 13.43 21.59 16.89 10.56 11.66 
71.72 20.71 8.31 16.02 11.79 9.82 27.04 32.7 12.45 7.84 19.36 9.78 11.01 0 6.64 13.54 12.86 13.55 7.8 8.3 12.11 8.48 11.75 21.38 12.27 13.24 8.07 12.21 6.7 11.95 6.48 
66.14 19.01 12.45 16.2 5.59 14.31 24.93 31.45 9.47 4.54 14.49 15.96 11.89 6.64 0 8.37 10.27 19.08 13 11.53 8.36 8.37 12.37 23.7 12.71 18.58 14.71 10.14 12.35 10.82 12.91 
58.2 25.71 20.68 24.05 11.11 16.81 30.99 37.96 16.35 5.81 6.12 23.31 20.11 13.54 8.37 0 17.3 26.94 11.77 13.45 14.8 8.47 10.88 21.78 10.82 26.54 6.71 6.18 16.75 18.5 19.97 
75.45 21.25 6.35 15.77 15.56 9.98 27.6 32.64 11.91 11.55 23.05 6.03 10.91 12.86 10.27 17.3 0 10.07 10.57 9.73 14.27 11.48 14.1 22.27 14.67 9.88 11.79 15.46 6.16 12.85 12.51 
85.12 21.21 7.2 14.83 24.67 18.22 26.83 29.85 11.04 21.37 32.88 4.6 12.23 13.55 19.08 26.94 10.07 0 17.62 19.14 19.38 21.53 23.89 30.29 24.46 9.39 20.77 25.53 14.6 15.62 7.81 
68.46 15 10.5 12.33 8.39 17.05 20.99 27.43 10.05 8.56 17.78 15.35 8.4 7.8 13 11.77 10.57 17.62 0 14.68 4.64 12.2 16.21 27.33 16.57 16.98 5.24 14.16 14.4 6.86 12.87 
69.18 28.85 15.94 24.32 13.96 12.64 35.13 40.96 8.98 8.69 17.53 14.58 19.32 8.3 11.53 13.45 9.73 19.14 14.68 0 19.32 4.99 5 13.09 5.56 19.16 11.87 8.54 4.79 20.07 11.38 
69.09 10.96 12.25 9.96 11.13 21.62 16.64 23.34 13.95 12.81 20.37 18.09 7.84 12.11 8.36 14.8 14.27 19.38 4.64 19.32 0 16.71 20.72 31.94 21.06 18.61 9.1 18.27 18.8 4.73 16.21 
64.91 27.12 16.79 23.5 9.32 8.34 33.19 39.51 10.53 4.34 12.78 17.26 18.68 8.48 8.37 8.47 11.48 21.53 12.2 4.99 16.71 0 9.98 15.4 4.38 21.36 8.09 9.07 8.81 18.56 13.82 
64.43 31.1 19.96 27.31 12.66 7.64 37.19 43.47 13.23 8.18 13.57 19.39 22.41 11.75 12.37 10.88 14.1 23.89 16.21 5 20.72 9.98 0 11.52 9.53 23.84 12 4.83 9.79 22.48 16.08 
67.78 41.87 28.61 37.39 24.06 12.36 48.11 54.04 21.68 19.68 22.46 25.77 32.39 21.38 23.7 21.78 22.27 30.29 27.33 13.09 31.94 15.4 11.52 0 11.33 30.55 23.48 15.63 16.22 33.11 23.2 
63.95 31.5 20.5 27.77 12.76 8.12 37.57 43.88 13.79 8.43 13.27 19.96 22.89 12.27 12.71 10.82 14.67 24.46 16.57 5.56 21.06 4.38 9.53 11.33 0 24.41 12.27 4.7 10.35 22.91 16.65 
84.68 20.33 6.51 13.95 24.17 18.39 25.96 29.03 10.83 21.02 32.51 4.79 11.38 13.24 18.58 26.54 9.88 9.39 16.98 19.16 18.61 21.36 23.84 30.55 24.41 0 20.28 25.32 14.7 14.79 7.78 
64.43 19.98 14.17 17.57 13.63 14.87 25.74 32.4 10.95 12.43 12.82 17.57 13.43 8.07 14.71 6.71 11.79 20.77 5.24 11.87 9.1 8.09 12 23.48 12.27 20.28 0 9.17 13.3 12.1 14.46 
60.84 29.11 20.42 26.19 8.59 11.76 34.91 41.54 14.5 5.62 9.01 21.32 21.59 12.21 10.14 6.18 15.46 25.53 14.16 8.54 18.27 9.07 4.83 15.63 4.7 25.32 9.17 0 12.82 20.93 17.88 
73.66 27.05 12.47 21.83 16.32 15.23 33.41 38.7 5.75 11.19 21.57 10 16.89 6.7 12.35 16.75 6.16 14.6 14.4 4.79 18.8 8.81 9.79 16.22 10.35 14.7 13.3 12.82 0 18.39 7.06 
73.8 8.78 8.93 5.56 14.97 21.76 15.1 21 12.85 15.31 24.38 15.22 10.56 11.95 10.82 18.5 12.85 15.62 6.86 20.07 4.73 18.56 22.48 33.11 22.91 14.79 12.1 20.93 18.39 0 14.13 
78.09 22.08 6.16 16.19 18.24 10.87 28.35 32.92 12.81 14.19 25.67 12.42 11.66 6.48 12.91 19.97 12.51 7.81 12.87 11.38 16.21 13.82 16.08 23.2 16.65 7.78 14.46 17.88 7.06 14.13 0 
0	5000
0	128
0	147
0	158
0	202
0	247
0	348
0	362
0	418
0	435
0	452
0	525
0	566
0	594
0	609
0	627
0	657
0	674
0	700
0	720
0	747
0	770
0	786
0	804
0	820
0	874
0	912
0	928
0	949
0	979
0	999
C:
0 3 3 3 3 3 3 3 3 3 3 3 3 3 3 3 3 3 3 3 3 3 3 3 3 3 3 3 3 3 3 3 
2 0 2 2 2 2 2 2 2 2 2 2 2 2 2 2 2 2 2 2 2 2 2 2 2 2 2 2 2 2 2 2 
1 1 0 1 1 1 1 1 1 1 1 1 1 1 1 1 1 1 1 1 1 1 1 1 1 1 1 1 1 1 1 1 
2 2 2 0 2 2 2 2 2 2 2 2 2 2 2 2 2 2 2 2 2 2 2 2 2 2 2 2 2 2 2 2 
1 1 1 1 0 1 1 1 1 1 1 1 1 1 1 1 1 1 1 1 1 1 1 1 1 1 1 1 1 1 1 1 
1 1 1 1 1 0 1 1 1 1 1 1 1 1 1 1 1 1 1 1 1 1 1 1 1 1 1 1 1 1 1 1 
3 3 3 3 3 3 0 3 3 3 3 3 3 3 3 3 3 3 3 3 3 3 3 3 3 3 3 3 3 3 3 3 
3 3 3 3 3 3 3 0 3 3 3 3 3 3 3 3 3 3 3 3 3 3 3 3 3 3 3 3 3 3 3 3 
1 1 1 1 1 1 1 1 0 1 1 1 1 1 1 1 1 1 1 1 1 1 1 1 1 1 1 1 1 1 1 1 
1 1 1 1 1 1 1 1 1 0 1 1 1 1 1 1 1 1 1 1 1 1 1 1 1 1 1 1 1 1 1 1 
2 2 2 2 2 2 2 2 2 2 0 2 2 2 2 2 2 2 2 2 2 2 2 2 2 2 2 2 2 2 2 2 
1 1 1 1 1 1 1 1 1 1 1 0 1 1 1 1 1 1 1 1 1 1 1 1 1 1 1 1 1 1 1 1 
1 1 1 1 1 1 1 1 1 1 1 1 0 1 1 1 1 1 1 1 1 1 1 1 1 1 1 1 1 1 1 1 
1 1 1 1 1 1 1 1 1 1 1 1 1 0 1 1 1 1 1 1 1 1 1 1 1 1 1 1 1 1 1 1 
1 1 1 1 1 1 1 1 1 1 1 1 1 1 0 1 1 1 1 1 1 1 1 1 1 1 1 1 1 1 1 1 
1 1 1 1 1 1 1 1 1 1 1 1 1 1 1 0 1 1 1 1 1 1 1 1 1 1 1 1 1 1 1 1 
1 1 1 1 1 1 1 1 1 1 1 1 1 1 1 1 0 1 1 1 1 1 1 1 1 1 1 1 1 1 1 1 
1 1 1 1 1 1 1 1 1 1 1 1 1 1 1 1 1 0 1 1 1 1 1 1 1 1 1 1 1 1 1 1 
1 1 1 1 1 1 1 1 1 1 1 1 1 1 1 1 1 1 0 1 1 1 1 1 1 1 1 1 1 1 1 1 
1 1 1 1 1 1 1 1 1 1 1 1 1 1 1 1 1 1 1 0 1 1 1 1 1 1 1 1 1 1 1 1 
1 1 1 1 1 1 1 1 1 1 1 1 1 1 1 1 1 1 1 1 0 1 1 1 1 1 1 1 1 1 1 1 
1 1 1 1 1 1 1 1 1 1 1 1 1 1 1 1 1 1 1 1 1 0 1 1 1 1 1 1 1 1 1 1 
1 1 1 1 1 1 1 1 1 1 1 1 1 1 1 1 1 1 1 1 1 1 0 1 1 1 1 1 1 1 1 1 
2 2 2 2 2 2 2 2 2 2 2 2 2 2 2 2 2 2 2 2 2 2 2 0 2 2 2 2 2 2 2 2 
1 1 1 1 1 1 1 1 1 1 1 1 1 1 1 1 1 1 1 1 1 1 1 1 0 1 1 1 1 1 1 1 
1 1 1 1 1 1 1 1 1 1 1 1 1 1 1 1 1 1 1 1 1 1 1 1 1 0 1 1 1 1 1 1 
1 1 1 1 1 1 1 1 1 1 1 1 1 1 1 1 1 1 1 1 1 1 1 1 1 1 0 1 1 1 1 1 
1 1 1 1 1 1 1 1 1 1 1 1 1 1 1 1 1 1 1 1 1 1 1 1 1 1 1 0 1 1 1 1 
1 1 1 1 1 1 1 1 1 1 1 1 1 1 1 1 1 1 1 1 1 1 1 1 1 1 1 1 0 1 1 1 
1 1 1 1 1 1 1 1 1 1 1 1 1 1 1 1 1 1 1 1 1 1 1 1 1 1 1 1 1 0 1 1 
1 1 1 1 1 1 1 1 1 1 1 1 1 1 1 1 1 1 1 1 1 1 1 1 1 1 1 1 1 1 0 1 
3 3 3 3 3 3 3 3 3 3 3 3 3 3 3 3 3 3 3 3 3 3 3 3 3 3 3 3 3 3 3 0 
Time:
0	15
15	30
30	45
45	60
60	75
75	90
90	105
105	120
120	135
135	150
150	165
165	180
180	195
195	210
210	225
225	240
240	255
255	270
270	285
285	300
300	315
315	330
330	345
345	360
360	375
375	390
390	405
405	420
420	435
435	450
450	465
465	480
480	495
495	510
510	525
525	540
540	555
555	570
570	585
585	600
600	615
615	630
630	645
645	660
660	675
675	690
690	705
705	720
720	735
735	750
750	765
765	780
780	795
795	810
810	825
825	840
840	855
855	870
870	885
885	900
900	915
915	930
930	945
945	960
960	975
975	990
990	1005
1005	1020
1020	1035
1035	1050
1050	1065
1065	1080
1080	5000
Speed:
0.925	0.85	0.925	1	0.8325	0.765	0.8325	0.9	0.4625	0.425	0.4625	0.5	0.30525	0.2805	0.30525	0.33	0.37	0.34	0.37	0.4	0.555	0.51	0.555	0.6	0.6475	0.595	0.6475	0.7	0.37	0.34	0.37	0.4	0.30525	0.2805	0.30525	0.33	0.4625	0.425	0.4625	0.5	0.6475	0.595	0.6475	0.7	0.74	0.68	0.74	0.8	0.6475	0.595	0.6475	0.7	0.4625	0.425	0.4625	0.5	0.555	0.51	0.555	0.6	0.6475	0.595	0.6475	0.7	0.8325	0.765	0.8325	0.9	0.925	0.85	0.925	1	1	
0.925	0.85	0.925	1	0.8325	0.765	0.8325	0.9	0.4625	0.425	0.4625	0.5	0.30525	0.2805	0.30525	0.33	0.37	0.34	0.37	0.4	0.555	0.51	0.555	0.6	0.6475	0.595	0.6475	0.7	0.37	0.34	0.37	0.4	0.30525	0.2805	0.30525	0.33	0.4625	0.425	0.4625	0.5	0.6475	0.595	0.6475	0.7	0.74	0.68	0.74	0.8	0.6475	0.595	0.6475	0.7	0.4625	0.425	0.4625	0.5	0.555	0.51	0.555	0.6	0.6475	0.595	0.6475	0.7	0.8325	0.765	0.8325	0.9	0.925	0.85	0.925	1	1	
0.925	0.85	0.925	1	0.8325	0.765	0.8325	0.9	0.4625	0.425	0.4625	0.5	0.30525	0.2805	0.30525	0.33	0.37	0.34	0.37	0.4	0.555	0.51	0.555	0.6	0.6475	0.595	0.6475	0.7	0.37	0.34	0.37	0.4	0.30525	0.2805	0.30525	0.33	0.4625	0.425	0.4625	0.5	0.6475	0.595	0.6475	0.7	0.74	0.68	0.74	0.8	0.6475	0.595	0.6475	0.7	0.4625	0.425	0.4625	0.5	0.555	0.51	0.555	0.6	0.6475	0.595	0.6475	0.7	0.8325	0.765	0.8325	0.9	0.925	0.85	0.925	1	1	
