31
0 45.43 69.39 65.75 56.66 96.33 82.15 56.98 90.57 90.78 58.23 71.03 74 79.28 68.73 59.97 61.49 75.11 75.11 76.72 74.12 103.77 61.49 89.68 94.85 65.12 53.5 88.64 80.6 79.24 69.58 
45.43 0 24 23.6 11.42 55.75 38.94 13.04 50.45 45.36 12.93 30.24 28.93 36.18 24.5 25.72 22.53 31.59 31.23 35.81 30.49 59.27 16.34 44.52 49.67 19.86 15.67 43.25 35.25 38.72 26.58 
69.39 24 0 16.95 12.77 37.49 19.03 15.37 33.42 21.42 11.18 21.74 8.76 17.07 7.63 29.38 22.6 16.24 14.98 20.99 15.33 36.03 8.18 20.71 25.8 4.51 24.11 19.26 12.21 23.59 11.95 
65.75 23.6 16.95 0 18.36 53.95 35.58 10.73 50.2 30.85 17.51 6.87 12.87 33.88 23.99 13.19 6.63 9.68 10.09 37.87 8.87 48.81 18.13 33.07 37.34 17.45 12.64 29.83 19.85 40.53 28.32 
56.66 11.42 12.77 18.36 0 45.54 28.02 9.14 40.53 34.19 15.39 25.13 19.01 25.37 13.42 26.29 20.66 23.65 22.9 26.11 22.53 47.87 4.92 33.12 38.28 8.47 17.56 31.99 24.56 29.06 16.2 
96.33 55.75 37.49 53.95 45.54 0 18.46 52.08 5.8 31.42 44.55 57.18 41.98 20.6 32.44 66.8 60 49.43 48.04 20.07 49.08 20.67 41.25 25.68 25.65 39.11 61.21 29.97 37.2 17.29 29.36 
82.15 38.94 19.03 35.58 28.02 18.46 0 33.82 14.73 19.23 26.85 39.21 24.05 15.45 14.61 48.35 41.56 31.86 30.44 8.53 31.36 22.33 23.41 13.79 17.45 20.89 42.88 16.8 20.51 8.78 12.62 
56.98 13.04 15.37 10.73 9.14 52.08 33.82 0 47.5 35.12 9.02 17.55 17.22 31.49 19.77 17.18 11.62 18.64 18.39 33.63 17.56 51.21 11.38 35.59 40.51 12.97 9.19 33.4 24.23 36.54 23.51 
90.57 50.45 33.42 50.2 40.53 5.8 14.73 47.5 0 30.64 39.63 53.94 38.77 16.34 27.74 62.79 56.02 46.51 45.1 14.64 46.05 23.46 36.43 24.71 25.85 34.57 56.68 28.79 34.75 11.76 24.34 
90.78 45.36 21.42 30.85 34.19 31.42 19.23 35.12 30.64 0 32.6 30.97 18.4 20.47 24.07 43.69 37.45 22.68 21.59 27.37 22.9 18.72 29.48 5.94 7.16 25.79 42.27 10.26 11.14 28.02 25.75 
58.23 12.93 11.18 17.51 15.39 44.55 26.85 9.02 39.63 32.6 0 24.2 17.48 24.25 12.24 26.17 20.29 22.33 21.54 25.33 21.21 46.43 19.35 31.59 36.74 6.92 17.84 30.41 22.96 28.28 15.31 
71.03 30.24 21.74 6.87 25.13 57.18 39.21 17.55 53.94 30.97 24.2 0 15.21 37.89 29.24 13.73 9.59 8.32 9.53 42.63 8.31 49.58 24.45 34.3 37.93 23.21 17.54 30.53 20.85 45.11 33.6 
74 28.93 8.76 12.87 19.01 41.98 24.05 17.22 38.77 18.4 17.48 15.21 0 22.89 16.13 26.05 19.47 8.04 6.65 28.17 7.38 35.97 15.53 20.2 24.58 12.44 23.88 17.11 7.26 30.44 20.24 
79.28 36.18 17.07 33.88 25.37 20.6 15.45 31.49 16.34 20.47 24.25 37.89 22.89 0 12.01 46.46 39.68 30.85 29.44 6.92 30.27 25.1 20.84 15.42 19.53 18.52 40.61 17.9 20.17 8.1 9.77 
68.73 24.5 7.63 23.99 13.42 32.44 14.61 19.77 27.74 24.07 12.24 29.24 16.13 12.01 0 35.66 29.03 23.84 22.55 14.1 22.95 35.06 8.84 21.43 26.54 6.94 28.96 21.52 17.6 16.92 4.36 
59.97 25.72 29.38 13.19 26.29 66.8 48.35 17.18 62.79 43.69 26.17 13.73 26.05 46.46 35.66 0 6.8 21.31 22.21 49.76 20.9 61.9 28.15 46.21 50.36 28.74 10.06 42.85 32.87 52.55 39.79 
61.49 22.53 22.6 6.63 20.66 60 41.56 11.62 56.02 37.45 20.29 9.59 19.47 39.68 29.03 6.8 0 15.69 16.36 43.11 15.07 55.43 21.89 39.68 43.96 22.16 8.14 36.46 26.47 45.88 33.23 
75.11 31.59 16.24 9.68 23.65 49.43 31.86 18.64 46.51 22.68 22.33 8.32 8.04 30.85 23.84 21.31 15.69 0 14.69 36.21 15.42 41.26 21.39 26.02 29.62 19.05 22.32 22.22 12.62 38.47 28.07 
75.11 31.23 14.98 10.09 22.9 48.04 30.44 18.39 45.1 21.59 21.54 9.53 6.65 29.44 22.55 22.21 16.36 14.69 0 34.82 14.03 40.1 20.42 24.77 28.47 17.94 22.64 21.02 11.32 37.07 26.76 
76.72 35.81 20.99 37.87 26.11 20.07 8.53 33.63 14.64 27.37 25.33 42.63 28.17 6.92 14.1 49.76 43.11 36.21 34.82 0 35.51 29.91 22.32 22.19 25.98 21.03 42.81 24.82 26.5 15.02 10.12 
74.12 30.49 15.33 8.87 22.53 49.08 31.36 17.56 46.05 22.9 21.21 8.31 7.38 30.27 22.95 20.9 15.07 15.42 14.03 35.51 0 41.38 20.3 26.01 29.75 18.02 21.47 22.3 12.54 37.81 27.21 
103.77 59.27 36.03 48.81 47.87 20.67 22.33 51.21 23.46 18.72 46.43 49.58 35.97 25.1 35.06 61.9 55.43 41.26 40.1 29.91 41.38 0 42.95 15.81 11.64 39.61 59.31 19.09 29.04 28.63 34.4 
61.49 16.34 8.18 18.13 4.92 41.25 23.41 11.38 36.43 29.48 19.35 24.45 15.53 20.84 8.84 28.15 21.89 21.39 20.42 22.32 20.3 42.95 0 28.23 33.39 12.68 20.52 27.22 20.29 25.25 12.21 
89.68 44.52 20.71 33.07 33.12 25.68 13.79 35.59 24.71 5.94 31.59 34.3 20.2 15.42 21.43 46.21 39.68 26.02 24.77 22.19 26.01 15.81 28.23 0 5.17 24.67 43.53 4.33 13.48 22.53 22.2 
94.85 49.67 25.8 37.34 38.28 25.65 17.45 40.51 25.85 7.16 36.74 37.93 24.58 19.53 26.54 50.36 43.96 29.62 28.47 25.98 29.75 11.64 33.39 5.17 0 29.82 48.23 7.51 17.5 25.86 27.09 
65.12 19.86 4.51 17.45 8.47 39.11 20.89 12.97 34.57 25.79 6.92 23.21 12.44 18.52 6.94 28.74 22.16 19.05 17.94 21.03 18.02 39.61 12.68 24.67 29.82 0 22.12 23.55 16.69 23.86 11.06 
53.5 15.67 24.11 12.64 17.56 61.21 42.88 9.19 56.68 42.27 17.84 17.54 23.88 40.61 28.96 10.06 8.14 22.32 22.64 42.81 21.47 59.31 20.52 43.53 48.23 22.12 0 40.87 31.14 45.73 32.69 
88.64 43.25 19.26 29.83 31.99 29.97 16.8 33.4 28.79 10.26 30.41 30.53 17.11 17.9 21.52 42.85 36.46 22.22 21.02 24.82 22.3 19.09 27.22 4.33 7.51 23.55 40.87 0 9.99 25.56 23.11 
80.6 35.25 12.21 19.85 24.56 37.2 20.51 24.23 34.75 11.14 22.96 20.85 7.26 20.17 17.6 32.87 26.47 12.62 11.32 26.5 12.54 29.04 20.29 13.48 17.5 16.69 31.14 9.99 0 28.24 20.84 
79.24 38.72 23.59 40.53 29.06 17.29 8.78 36.54 11.76 28.02 28.28 45.11 30.44 8.1 16.92 52.55 45.88 38.47 37.07 15.02 37.81 28.63 25.25 22.53 25.86 23.86 45.73 25.56 28.24 0 13.04 
69.58 26.58 11.95 28.32 16.2 29.36 12.62 23.51 24.34 25.75 15.31 33.6 20.24 9.77 4.36 39.79 33.23 28.07 26.76 10.12 27.21 34.4 12.21 22.2 27.09 11.06 32.69 23.11 20.84 13.04 0 
0	5000
0	90
0	117
0	139
0	160
0	277
0	328
0	393
0	472
0	563
0	639
0	678
0	700
0	732
0	748
0	802
0	812
0	842
0	873
0	937
0	993
0	1045
0	1093
0	1122
0	1127
0	1157
0	1179
0	1220
0	1230
0	1258
0	1272
C:
0 3 3 3 3 3 3 3 3 3 3 3 3 3 3 3 3 3 3 3 3 3 3 3 3 3 3 3 3 3 3 3 
3 0 3 3 3 3 3 3 3 3 3 3 3 3 3 3 3 3 3 3 3 3 3 3 3 3 3 3 3 3 3 3 
1 1 0 1 1 1 1 1 1 1 1 1 1 1 1 1 1 1 1 1 1 1 1 1 1 1 1 1 1 1 1 1 
2 2 2 0 2 2 2 2 2 2 2 2 2 2 2 2 2 2 2 2 2 2 2 2 2 2 2 2 2 2 2 2 
1 1 1 1 0 1 1 1 1 1 1 1 1 1 1 1 1 1 1 1 1 1 1 1 1 1 1 1 1 1 1 1 
3 3 3 3 3 0 3 3 3 3 3 3 3 3 3 3 3 3 3 3 3 3 3 3 3 3 3 3 3 3 3 3 
2 2 2 2 2 2 0 2 2 2 2 2 2 2 2 2 2 2 2 2 2 2 2 2 2 2 2 2 2 2 2 2 
2 2 2 2 2 2 2 0 2 2 2 2 2 2 2 2 2 2 2 2 2 2 2 2 2 2 2 2 2 2 2 2 
3 3 3 3 3 3 3 3 0 3 3 3 3 3 3 3 3 3 3 3 3 3 3 3 3 3 3 3 3 3 3 3 
2 2 2 2 2 2 2 2 2 0 2 2 2 2 2 2 2 2 2 2 2 2 2 2 2 2 2 2 2 2 2 2 
1 1 1 1 1 1 1 1 1 1 0 1 1 1 1 1 1 1 1 1 1 1 1 1 1 1 1 1 1 1 1 1 
2 2 2 2 2 2 2 2 2 2 2 0 2 2 2 2 2 2 2 2 2 2 2 2 2 2 2 2 2 2 2 2 
1 1 1 1 1 1 1 1 1 1 1 1 0 1 1 1 1 1 1 1 1 1 1 1 1 1 1 1 1 1 1 1 
2 2 2 2 2 2 2 2 2 2 2 2 2 0 2 2 2 2 2 2 2 2 2 2 2 2 2 2 2 2 2 2 
1 1 1 1 1 1 1 1 1 1 1 1 1 1 0 1 1 1 1 1 1 1 1 1 1 1 1 1 1 1 1 1 
3 3 3 3 3 3 3 3 3 3 3 3 3 3 3 0 3 3 3 3 3 3 3 3 3 3 3 3 3 3 3 3 
2 2 2 2 2 2 2 2 2 2 2 2 2 2 2 2 0 2 2 2 2 2 2 2 2 2 2 2 2 2 2 2 
1 1 1 1 1 1 1 1 1 1 1 1 1 1 1 1 1 0 1 1 1 1 1 1 1 1 1 1 1 1 1 1 
1 1 1 1 1 1 1 1 1 1 1 1 1 1 1 1 1 1 0 1 1 1 1 1 1 1 1 1 1 1 1 1 
2 2 2 2 2 2 2 2 2 2 2 2 2 2 2 2 2 2 2 0 2 2 2 2 2 2 2 2 2 2 2 2 
1 1 1 1 1 1 1 1 1 1 1 1 1 1 1 1 1 1 1 1 0 1 1 1 1 1 1 1 1 1 1 1 
3 3 3 3 3 3 3 3 3 3 3 3 3 3 3 3 3 3 3 3 3 0 3 3 3 3 3 3 3 3 3 3 
1 1 1 1 1 1 1 1 1 1 1 1 1 1 1 1 1 1 1 1 1 1 0 1 1 1 1 1 1 1 1 1 
2 2 2 2 2 2 2 2 2 2 2 2 2 2 2 2 2 2 2 2 2 2 2 0 2 2 2 2 2 2 2 2 
2 2 2 2 2 2 2 2 2 2 2 2 2 2 2 2 2 2 2 2 2 2 2 2 0 2 2 2 2 2 2 2 
1 1 1 1 1 1 1 1 1 1 1 1 1 1 1 1 1 1 1 1 1 1 1 1 1 0 1 1 1 1 1 1 
2 2 2 2 2 2 2 2 2 2 2 2 2 2 2 2 2 2 2 2 2 2 2 2 2 2 0 2 2 2 2 2 
2 2 2 2 2 2 2 2 2 2 2 2 2 2 2 2 2 2 2 2 2 2 2 2 2 2 2 0 2 2 2 2 
1 1 1 1 1 1 1 1 1 1 1 1 1 1 1 1 1 1 1 1 1 1 1 1 1 1 1 1 0 1 1 1 
2 2 2 2 2 2 2 2 2 2 2 2 2 2 2 2 2 2 2 2 2 2 2 2 2 2 2 2 2 0 2 2 
1 1 1 1 1 1 1 1 1 1 1 1 1 1 1 1 1 1 1 1 1 1 1 1 1 1 1 1 1 1 0 1 
3 3 3 3 3 3 3 3 3 3 3 3 3 3 3 3 3 3 3 3 3 3 3 3 3 3 3 3 3 3 3 0 
Time:
0	15
15	30
30	45
45	60
60	75
75	90
90	105
105	120
120	135
135	150
150	165
165	180
180	195
195	210
210	225
225	240
240	255
255	270
270	285
285	300
300	315
315	330
330	345
345	360
360	375
375	390
390	405
405	420
420	435
435	450
450	465
465	480
480	495
495	510
510	525
525	540
540	555
555	570
570	585
585	600
600	615
615	630
630	645
645	660
660	675
675	690
690	705
705	720
720	735
735	750
750	765
765	780
780	795
795	810
810	825
825	840
840	855
855	870
870	885
885	900
900	915
915	930
930	945
945	960
960	975
975	990
990	1005
1005	1020
1020	1035
1035	1050
1050	1065
1065	1080
1080	5000
Speed:
0.925	0.85	0.925	1	0.8325	0.765	0.8325	0.9	0.4625	0.425	0.4625	0.5	0.30525	0.2805	0.30525	0.33	0.37	0.34	0.37	0.4	0.555	0.51	0.555	0.6	0.6475	0.595	0.6475	0.7	0.37	0.34	0.37	0.4	0.30525	0.2805	0.30525	0.33	0.4625	0.425	0.4625	0.5	0.6475	0.595	0.6475	0.7	0.74	0.68	0.74	0.8	0.6475	0.595	0.6475	0.7	0.4625	0.425	0.4625	0.5	0.555	0.51	0.555	0.6	0.6475	0.595	0.6475	0.7	0.8325	0.765	0.8325	0.9	0.925	0.85	0.925	1	1	
0.925	0.85	0.925	1	0.8325	0.765	0.8325	0.9	0.4625	0.425	0.4625	0.5	0.30525	0.2805	0.30525	0.33	0.37	0.34	0.37	0.4	0.555	0.51	0.555	0.6	0.6475	0.595	0.6475	0.7	0.37	0.34	0.37	0.4	0.30525	0.2805	0.30525	0.33	0.4625	0.425	0.4625	0.5	0.6475	0.595	0.6475	0.7	0.74	0.68	0.74	0.8	0.6475	0.595	0.6475	0.7	0.4625	0.425	0.4625	0.5	0.555	0.51	0.555	0.6	0.6475	0.595	0.6475	0.7	0.8325	0.765	0.8325	0.9	0.925	0.85	0.925	1	1	
0.925	0.85	0.925	1	0.8325	0.765	0.8325	0.9	0.4625	0.425	0.4625	0.5	0.30525	0.2805	0.30525	0.33	0.37	0.34	0.37	0.4	0.555	0.51	0.555	0.6	0.6475	0.595	0.6475	0.7	0.37	0.34	0.37	0.4	0.30525	0.2805	0.30525	0.33	0.4625	0.425	0.4625	0.5	0.6475	0.595	0.6475	0.7	0.74	0.68	0.74	0.8	0.6475	0.595	0.6475	0.7	0.4625	0.425	0.4625	0.5	0.555	0.51	0.555	0.6	0.6475	0.595	0.6475	0.7	0.8325	0.765	0.8325	0.9	0.925	0.85	0.925	1	1	
