36
0 77.89 74.48 71.37 67.66 62.36 73.86 80.31 69.16 69.57 69.45 66.78 66.34 67.97 66.01 80.02 66.52 64.05 72.59 72.6 75.62 71.38 65.21 71.88 71.11 73.3 72.39 72.26 64.22 78.82 74.38 60.54 63.74 56.86 76.85 68.76 
77.89 0 8.15 6.53 10.64 15.55 9.91 8.97 10.24 9.72 12.06 11.51 12.93 17.18 13.32 10.26 11.71 14.22 6.66 10.15 9.57 9.81 14.21 8.2 11.73 12.72 6.52 5.63 13.98 9.02 4.59 17.4 15.62 21.03 4.59 14 
74.48 8.15 0 7.34 7.93 13.41 7.27 8.15 5.6 12.88 5.23 12.46 14.94 21.59 15.26 7.59 8.95 14.39 11.26 10.17 7.78 9.24 16 12.83 16.75 4.58 10.78 7.28 10.96 6.31 4.34 14.91 16.99 18.68 12.53 18.23 
71.37 6.53 7.34 0 4.42 9.02 11.26 9.03 5.2 5.54 8.06 5.65 7.82 14.25 8.18 8.83 5.37 8.13 4.47 7.96 4.32 6.61 8.99 5.79 9.59 11.1 8.77 9.72 7.55 7.81 10.97 10.87 10.19 14.52 6.69 10.9 
67.66 10.64 7.93 4.42 0 5.59 6.84 12.71 9.61 7.69 5.56 5.58 8.24 15.8 8.47 12.38 9.78 6.76 8.24 7.21 8.6 5.49 9 9.06 12.21 9.97 7.72 5.3 11.61 11.16 6.72 7.26 9.65 11.06 9.28 12.69 
62.36 15.55 13.41 9.02 5.59 0 11.54 17.96 7.85 8.98 9.87 5.65 7.24 14.52 7.21 17.7 4.49 10.6 11.17 12.34 13.32 10.67 7.16 11.18 12.86 14.65 10.81 9.92 11.67 16.55 12.15 10.61 6.88 5.54 14.82 12.17 
73.86 9.91 7.27 11.26 6.84 11.54 0 6.71 7.04 6.49 9.51 7.65 9.4 14.85 9.78 6.58 7.85 10.31 13.53 8.56 10.29 7.6 10.65 5.76 9.69 11.6 13.29 11.34 10.07 5.74 10.17 13.39 11.99 17 5.31 11.5 
80.31 8.97 8.15 9.03 12.71 17.96 6.71 0 11.74 12.75 12.91 14.35 15.92 20.19 16.31 10.39 13.84 17.01 9.72 10.41 5.21 10.58 17.19 11.26 14.72 12.41 9.56 8.2 16.14 9.81 6.04 19.78 18.58 23.5 4.38 17.04 
69.16 10.24 5.6 5.2 9.61 7.85 7.04 11.74 0 9.8 10.83 8.14 10.8 18.22 11.05 11.32 10.56 9.44 9.61 4.57 8.59 11.05 11.62 10.74 14.25 7.29 9.07 5.85 5.36 10.01 5.77 9.31 12.33 13.08 7.78 15.02 
69.57 9.72 12.88 5.54 7.69 8.98 6.49 12.75 9.8 0 12.88 10.65 10.3 8.72 10.33 12.77 7.92 5.7 10.01 13.38 7.58 11.89 4.6 11.23 4.52 16.5 10.53 5.71 9.09 12.12 9.09 10.65 6.07 13.45 11.75 5.38 
69.45 12.06 5.23 8.06 5.56 9.87 9.51 12.91 10.83 12.88 0 11.13 13.8 21.29 14.03 12.4 6.06 12.17 12.53 12.77 10.81 9.45 14.56 13.75 17.32 4.79 11.99 8.58 7.27 11.07 7.48 10.97 15.15 14.53 8.58 18.1 
66.78 11.51 12.46 5.65 5.58 5.65 7.65 14.35 8.14 10.65 11.13 0 11.14 10.26 11.5 14.24 5.39 11.5 5.88 12.37 9.21 10.71 12.34 5.59 7.4 15.35 5.63 6.29 6.03 13.34 9.49 7.32 4.57 10.27 12.34 7.29 
66.34 12.93 14.94 7.82 8.24 7.24 9.4 15.92 10.8 10.3 13.8 11.14 0 7.69 9.91 15.89 7.99 13.02 6.53 14.98 10.71 13.34 10.08 5.55 5.78 17.98 6.5 8.29 8.29 15.13 11.65 8.59 11.01 10.76 14.45 4.95 
67.97 17.18 21.59 14.25 15.8 14.52 14.85 20.19 18.22 8.72 21.29 10.26 7.69 0 7.56 20.36 15.65 10.43 10.81 22.07 15.46 20.53 7.39 9.15 5.47 25.17 11.16 14.35 15.92 20.03 17.67 15.46 7.77 16.42 20.15 12.51 
66.01 13.32 15.26 8.18 8.47 7.21 9.78 16.31 11.05 10.33 14.03 11.5 9.91 7.56 0 16.27 8.17 13.02 6.91 15.27 11.1 13.62 10.08 5.9 5.95 18.26 6.88 8.66 8.38 15.52 12.01 8.49 11.01 10.55 14.82 4.96 
80.02 10.26 7.59 8.83 12.38 17.7 6.58 10.39 11.32 12.77 12.4 14.24 15.89 20.36 16.27 0 13.51 16.88 9.79 9.86 5.19 10.07 17.16 11.36 14.91 11.83 9.61 8.03 15.82 9.79 5.67 19.5 18.53 23.24 10.16 17.18 
66.52 11.71 8.95 5.37 9.78 4.49 7.85 13.84 10.56 7.92 6.06 5.39 7.99 15.65 8.17 13.51 0 6.11 8.86 8.06 9.63 6.35 8.61 9.52 12.41 10.67 8.37 6.27 11.42 12.3 7.86 6.12 9.1 9.93 10.42 12.65 
64.05 14.22 14.39 8.13 6.76 10.6 10.31 17.01 9.44 5.7 12.17 11.5 13.02 10.43 13.02 16.88 6.11 0 8.55 13.95 11.91 12.24 10.3 8.05 8.98 16.72 8.34 8.86 5.66 15.92 11.89 5.37 11.78 7.76 14.75 8.07 
72.59 6.66 11.26 4.47 8.24 11.17 13.53 9.72 9.61 10.01 12.53 5.88 6.53 10.81 6.91 9.79 8.86 8.55 0 12.26 4.69 11.03 7.79 10.27 5.58 15.38 9.14 12.17 10.61 9.29 7.04 12.98 9.27 16.13 9.36 7.51 
72.6 10.15 10.17 7.96 7.21 12.34 8.56 10.41 4.57 13.38 12.77 12.37 14.98 22.07 15.27 9.86 8.06 13.95 12.26 0 9.43 11.17 15.93 13.72 17.55 11.86 11.75 8.16 9.77 8.56 5.89 13.66 16.75 17.35 6.04 18.75 
75.62 9.57 7.78 4.32 8.6 13.32 10.29 5.21 8.59 7.58 10.81 9.21 10.71 15.46 11.1 5.19 9.63 11.91 4.69 9.43 0 8.73 11.99 6.33 10.1 12.31 4.45 11.14 11.86 4.6 9.03 15.17 13.38 18.76 4.98 12.19 
71.38 9.81 9.24 6.61 5.49 10.67 7.6 10.58 11.05 11.89 9.45 10.71 13.34 20.53 13.62 10.07 6.35 12.24 11.03 11.17 8.73 0 14.26 12.4 16.16 4.66 10.5 6.94 8.13 8.74 5.28 12.05 15.05 15.78 6.25 17.24 
65.21 14.21 16 8.99 9 7.16 10.65 17.19 11.62 4.6 14.56 12.34 10.08 7.39 10.08 17.16 8.61 10.3 7.79 15.93 11.99 14.26 0 6.75 6.46 18.88 7.77 9.5 8.58 16.39 12.84 8.28 10.67 10.05 15.65 5.12 
71.88 8.2 12.83 5.79 9.06 11.18 5.76 11.26 10.74 11.23 13.75 5.59 5.55 9.15 5.9 11.36 9.52 8.05 10.27 13.72 6.33 12.4 6.75 0 11.33 16.85 10.78 5.59 11 10.92 8.67 12.9 8.24 15.79 11.03 5.86 
71.11 11.73 16.75 9.59 12.21 12.86 9.69 14.72 14.25 4.52 17.32 7.4 5.78 5.47 5.95 14.91 12.41 8.98 5.58 17.55 10.1 16.16 6.46 11.33 0 20.69 6.01 9.48 13.41 14.62 12.61 14.33 7.74 16.49 14.92 9.9 
73.3 12.72 4.58 11.1 9.97 14.65 11.6 12.41 7.29 16.5 4.79 15.35 17.98 25.17 18.26 11.83 10.67 16.72 15.38 11.86 12.31 4.66 18.88 16.85 20.69 0 14.87 11.28 12.05 10.64 8.79 15.75 19.62 19.26 8.26 21.87 
72.39 6.52 10.78 8.77 7.72 10.81 13.29 9.56 9.07 10.53 11.99 5.63 6.5 11.16 6.88 9.61 8.37 8.34 9.14 11.75 4.45 10.5 7.77 10.78 6.01 14.87 0 11.92 10.16 9.04 6.6 12.63 9.23 15.85 8.99 7.83 
72.26 5.63 7.28 9.72 5.3 9.92 11.34 8.2 5.85 5.71 8.58 6.29 8.29 14.35 8.66 8.03 6.27 8.86 12.17 8.16 11.14 6.94 9.5 5.59 9.48 11.28 11.92 0 8.47 7.06 10.22 11.77 10.76 15.4 6.17 10.99 
64.22 13.98 10.96 7.55 11.61 11.67 10.07 16.14 5.36 9.09 7.27 6.03 8.29 15.92 8.38 15.82 11.42 5.66 10.61 9.77 11.86 8.13 8.58 11 13.41 12.05 10.16 8.47 0 14.6 10.17 11.02 8.69 7.75 12.69 13.21 
78.82 9.02 6.31 7.81 11.16 16.55 5.74 9.81 10.01 12.12 11.07 13.34 15.13 20.03 15.52 9.79 12.3 15.92 9.29 8.56 4.6 8.74 16.39 10.92 14.62 10.64 9.04 7.06 14.6 0 4.43 18.33 17.72 22.09 9.58 16.78 
74.38 4.59 4.34 10.97 6.72 12.15 10.17 6.04 5.77 9.09 7.48 9.49 11.65 17.67 12.01 5.67 7.86 11.89 7.04 5.89 9.03 5.28 12.84 8.67 12.61 8.79 6.6 10.22 10.17 4.43 0 13.92 14.04 17.69 9.18 14.3 
60.54 17.4 14.91 10.87 7.26 10.61 13.39 19.78 9.31 10.65 10.97 7.32 8.59 15.46 8.49 19.5 6.12 5.37 12.98 13.66 15.17 12.05 8.28 12.9 14.33 15.75 12.63 11.77 11.02 18.33 13.92 0 7.69 13.13 16.54 13.39 
63.74 15.62 16.99 10.19 9.65 6.88 11.99 18.58 12.33 6.07 15.15 4.57 11.01 7.77 11.01 18.53 9.1 11.78 9.27 16.75 13.38 15.05 10.67 8.24 7.74 19.62 9.23 10.76 8.69 17.72 14.04 7.69 0 8.97 16.88 6.06 
56.86 21.03 18.68 14.52 11.06 5.54 17 23.5 13.08 13.45 14.53 10.27 10.76 16.42 10.55 23.24 9.93 7.76 16.13 17.35 18.76 15.78 10.05 15.79 16.49 19.26 15.85 15.4 7.75 22.09 17.69 13.13 8.97 0 20.34 15.03 
76.85 4.59 12.53 6.69 9.28 14.82 5.31 4.38 7.78 11.75 8.58 12.34 14.45 20.15 14.82 10.16 10.42 14.75 9.36 6.04 4.98 6.25 15.65 11.03 14.92 8.26 8.99 6.17 12.69 9.58 9.18 16.54 16.88 20.34 0 16.81 
68.76 14 18.23 10.9 12.69 12.17 11.5 17.04 15.02 5.38 18.1 7.29 4.95 12.51 4.96 17.18 12.65 8.07 7.51 18.75 12.19 17.24 5.12 5.86 9.9 21.87 7.83 10.99 13.21 16.78 14.3 13.39 6.06 15.03 16.81 0 
0	5000
0	128
0	138
0	147
0	152
0	158
0	181
0	197
0	221
0	254
0	293
0	324
0	349
0	363
0	378
0	405
0	427
0	436
0	449
0	472
0	499
0	522
0	569
0	587
0	613
0	652
0	676
0	694
0	706
0	726
0	733
0	751
0	760
0	774
0	807
0	836
C:
0 3 3 3 3 3 3 3 3 3 3 3 3 3 3 3 3 3 3 3 3 3 3 3 3 3 3 3 3 3 3 3 3 3 3 3 3 
1 0 1 1 1 1 1 1 1 1 1 1 1 1 1 1 1 1 1 1 1 1 1 1 1 1 1 1 1 1 1 1 1 1 1 1 1 
1 1 0 1 1 1 1 1 1 1 1 1 1 1 1 1 1 1 1 1 1 1 1 1 1 1 1 1 1 1 1 1 1 1 1 1 1 
1 1 1 0 1 1 1 1 1 1 1 1 1 1 1 1 1 1 1 1 1 1 1 1 1 1 1 1 1 1 1 1 1 1 1 1 1 
1 1 1 1 0 1 1 1 1 1 1 1 1 1 1 1 1 1 1 1 1 1 1 1 1 1 1 1 1 1 1 1 1 1 1 1 1 
1 1 1 1 1 0 1 1 1 1 1 1 1 1 1 1 1 1 1 1 1 1 1 1 1 1 1 1 1 1 1 1 1 1 1 1 1 
1 1 1 1 1 1 0 1 1 1 1 1 1 1 1 1 1 1 1 1 1 1 1 1 1 1 1 1 1 1 1 1 1 1 1 1 1 
1 1 1 1 1 1 1 0 1 1 1 1 1 1 1 1 1 1 1 1 1 1 1 1 1 1 1 1 1 1 1 1 1 1 1 1 1 
1 1 1 1 1 1 1 1 0 1 1 1 1 1 1 1 1 1 1 1 1 1 1 1 1 1 1 1 1 1 1 1 1 1 1 1 1 
1 1 1 1 1 1 1 1 1 0 1 1 1 1 1 1 1 1 1 1 1 1 1 1 1 1 1 1 1 1 1 1 1 1 1 1 1 
1 1 1 1 1 1 1 1 1 1 0 1 1 1 1 1 1 1 1 1 1 1 1 1 1 1 1 1 1 1 1 1 1 1 1 1 1 
1 1 1 1 1 1 1 1 1 1 1 0 1 1 1 1 1 1 1 1 1 1 1 1 1 1 1 1 1 1 1 1 1 1 1 1 1 
1 1 1 1 1 1 1 1 1 1 1 1 0 1 1 1 1 1 1 1 1 1 1 1 1 1 1 1 1 1 1 1 1 1 1 1 1 
1 1 1 1 1 1 1 1 1 1 1 1 1 0 1 1 1 1 1 1 1 1 1 1 1 1 1 1 1 1 1 1 1 1 1 1 1 
1 1 1 1 1 1 1 1 1 1 1 1 1 1 0 1 1 1 1 1 1 1 1 1 1 1 1 1 1 1 1 1 1 1 1 1 1 
1 1 1 1 1 1 1 1 1 1 1 1 1 1 1 0 1 1 1 1 1 1 1 1 1 1 1 1 1 1 1 1 1 1 1 1 1 
1 1 1 1 1 1 1 1 1 1 1 1 1 1 1 1 0 1 1 1 1 1 1 1 1 1 1 1 1 1 1 1 1 1 1 1 1 
1 1 1 1 1 1 1 1 1 1 1 1 1 1 1 1 1 0 1 1 1 1 1 1 1 1 1 1 1 1 1 1 1 1 1 1 1 
1 1 1 1 1 1 1 1 1 1 1 1 1 1 1 1 1 1 0 1 1 1 1 1 1 1 1 1 1 1 1 1 1 1 1 1 1 
1 1 1 1 1 1 1 1 1 1 1 1 1 1 1 1 1 1 1 0 1 1 1 1 1 1 1 1 1 1 1 1 1 1 1 1 1 
1 1 1 1 1 1 1 1 1 1 1 1 1 1 1 1 1 1 1 1 0 1 1 1 1 1 1 1 1 1 1 1 1 1 1 1 1 
1 1 1 1 1 1 1 1 1 1 1 1 1 1 1 1 1 1 1 1 1 0 1 1 1 1 1 1 1 1 1 1 1 1 1 1 1 
1 1 1 1 1 1 1 1 1 1 1 1 1 1 1 1 1 1 1 1 1 1 0 1 1 1 1 1 1 1 1 1 1 1 1 1 1 
1 1 1 1 1 1 1 1 1 1 1 1 1 1 1 1 1 1 1 1 1 1 1 0 1 1 1 1 1 1 1 1 1 1 1 1 1 
1 1 1 1 1 1 1 1 1 1 1 1 1 1 1 1 1 1 1 1 1 1 1 1 0 1 1 1 1 1 1 1 1 1 1 1 1 
1 1 1 1 1 1 1 1 1 1 1 1 1 1 1 1 1 1 1 1 1 1 1 1 1 0 1 1 1 1 1 1 1 1 1 1 1 
1 1 1 1 1 1 1 1 1 1 1 1 1 1 1 1 1 1 1 1 1 1 1 1 1 1 0 1 1 1 1 1 1 1 1 1 1 
1 1 1 1 1 1 1 1 1 1 1 1 1 1 1 1 1 1 1 1 1 1 1 1 1 1 1 0 1 1 1 1 1 1 1 1 1 
1 1 1 1 1 1 1 1 1 1 1 1 1 1 1 1 1 1 1 1 1 1 1 1 1 1 1 1 0 1 1 1 1 1 1 1 1 
1 1 1 1 1 1 1 1 1 1 1 1 1 1 1 1 1 1 1 1 1 1 1 1 1 1 1 1 1 0 1 1 1 1 1 1 1 
1 1 1 1 1 1 1 1 1 1 1 1 1 1 1 1 1 1 1 1 1 1 1 1 1 1 1 1 1 1 0 1 1 1 1 1 1 
1 1 1 1 1 1 1 1 1 1 1 1 1 1 1 1 1 1 1 1 1 1 1 1 1 1 1 1 1 1 1 0 1 1 1 1 1 
1 1 1 1 1 1 1 1 1 1 1 1 1 1 1 1 1 1 1 1 1 1 1 1 1 1 1 1 1 1 1 1 0 1 1 1 1 
1 1 1 1 1 1 1 1 1 1 1 1 1 1 1 1 1 1 1 1 1 1 1 1 1 1 1 1 1 1 1 1 1 0 1 1 1 
1 1 1 1 1 1 1 1 1 1 1 1 1 1 1 1 1 1 1 1 1 1 1 1 1 1 1 1 1 1 1 1 1 1 0 1 1 
1 1 1 1 1 1 1 1 1 1 1 1 1 1 1 1 1 1 1 1 1 1 1 1 1 1 1 1 1 1 1 1 1 1 1 0 1 
3 3 3 3 3 3 3 3 3 3 3 3 3 3 3 3 3 3 3 3 3 3 3 3 3 3 3 3 3 3 3 3 3 3 3 3 0 
Time:
0	15
15	30
30	45
45	60
60	75
75	90
90	105
105	120
120	135
135	150
150	165
165	180
180	195
195	210
210	225
225	240
240	255
255	270
270	285
285	300
300	315
315	330
330	345
345	360
360	375
375	390
390	405
405	420
420	435
435	450
450	465
465	480
480	495
495	510
510	525
525	540
540	555
555	570
570	585
585	600
600	615
615	630
630	645
645	660
660	675
675	690
690	705
705	720
720	735
735	750
750	765
765	780
780	795
795	810
810	825
825	840
840	855
855	870
870	885
885	900
900	915
915	930
930	945
945	960
960	975
975	990
990	1005
1005	1020
1020	1035
1035	1050
1050	1065
1065	1080
1080	5000
Speed:
0.925	0.85	0.925	1	0.8325	0.765	0.8325	0.9	0.4625	0.425	0.4625	0.5	0.30525	0.2805	0.30525	0.33	0.37	0.34	0.37	0.4	0.555	0.51	0.555	0.6	0.6475	0.595	0.6475	0.7	0.37	0.34	0.37	0.4	0.30525	0.2805	0.30525	0.33	0.4625	0.425	0.4625	0.5	0.6475	0.595	0.6475	0.7	0.74	0.68	0.74	0.8	0.6475	0.595	0.6475	0.7	0.4625	0.425	0.4625	0.5	0.555	0.51	0.555	0.6	0.6475	0.595	0.6475	0.7	0.8325	0.765	0.8325	0.9	0.925	0.85	0.925	1	1	
0.925	0.85	0.925	1	0.8325	0.765	0.8325	0.9	0.4625	0.425	0.4625	0.5	0.30525	0.2805	0.30525	0.33	0.37	0.34	0.37	0.4	0.555	0.51	0.555	0.6	0.6475	0.595	0.6475	0.7	0.37	0.34	0.37	0.4	0.30525	0.2805	0.30525	0.33	0.4625	0.425	0.4625	0.5	0.6475	0.595	0.6475	0.7	0.74	0.68	0.74	0.8	0.6475	0.595	0.6475	0.7	0.4625	0.425	0.4625	0.5	0.555	0.51	0.555	0.6	0.6475	0.595	0.6475	0.7	0.8325	0.765	0.8325	0.9	0.925	0.85	0.925	1	1	
0.925	0.85	0.925	1	0.8325	0.765	0.8325	0.9	0.4625	0.425	0.4625	0.5	0.30525	0.2805	0.30525	0.33	0.37	0.34	0.37	0.4	0.555	0.51	0.555	0.6	0.6475	0.595	0.6475	0.7	0.37	0.34	0.37	0.4	0.30525	0.2805	0.30525	0.33	0.4625	0.425	0.4625	0.5	0.6475	0.595	0.6475	0.7	0.74	0.68	0.74	0.8	0.6475	0.595	0.6475	0.7	0.4625	0.425	0.4625	0.5	0.555	0.51	0.555	0.6	0.6475	0.595	0.6475	0.7	0.8325	0.765	0.8325	0.9	0.925	0.85	0.925	1	1	
