36
0 96.57 56.83 74.78 59.29 70.37 71.36 69.81 69.51 82.13 85.1 73.83 55.87 66.94 81.31 72.75 71.71 97.41 56.71 58.51 72.65 60.47 87.24 67.82 82.45 54.65 83.17 57.35 69.31 64 66.16 74.89 82.08 71.46 57.57 88.82 
96.57 0 46.74 32.65 44.44 27.07 41.96 48.24 33.2 20.36 23.38 39.3 48.6 34.76 19.34 44.61 26.09 6.07 46.29 48.34 34.62 41.23 18.22 34.28 28.03 46.1 26.81 42.71 33.08 49.97 41.61 21.71 15.09 33.64 46.47 23.49 
56.83 46.74 0 18.21 10.05 20.84 15.25 16.43 14.11 27.9 29.26 17.29 10 12.08 27.98 17.69 21.27 45.31 10.64 12.92 15.97 5.58 32.51 12.7 25.96 4.41 26.83 6.07 14.08 11.69 9.44 27.52 31.9 15.18 9.55 32.68 
74.78 32.65 18.21 0 15.65 15.45 9.39 15.71 6.45 12.29 11.44 7.11 19.55 8.93 13.59 12.45 14.37 29.66 18.19 17.88 12 14.42 15.61 8.03 7.76 20.18 8.66 17.85 6.85 17.51 9.93 20.37 20.12 12.58 17.56 14.56 
59.29 44.44 10.05 15.65 0 18.95 13.29 15.29 11.6 25.41 26.69 15.09 4.21 9.69 25.55 16.03 19.25 42.88 9.6 4.66 13.43 11.45 29.97 10.26 23.41 5.64 24.26 5.78 11.6 11.24 7.22 25.67 29.7 12.61 10.78 30.11 
70.37 27.07 20.84 15.45 18.95 0 22.9 28.62 10.71 13.2 18.4 21.77 22.78 10.45 11.61 26.52 13.46 27.09 20.23 23.45 15.67 15.29 18.23 10.56 18.81 19.35 18.63 15.95 10.32 27.69 19.15 6.72 12.01 13.33 20.78 22.25 
71.36 41.96 15.25 9.39 13.29 22.9 0 6.33 12.2 21.62 19.72 13.92 15.73 13.2 22.98 15.63 22.21 38.7 15.67 12.86 7.8 14.48 24.46 12.72 15.15 18.91 16.36 18.08 12.61 9.13 6.22 28.75 29.4 9.75 14.43 21.93 
69.81 48.24 16.43 15.71 15.29 28.62 6.33 0 17.95 27.92 25.69 8.98 16.14 18.44 29.3 14.36 28.09 44.84 17.09 12.82 14.08 17.73 30.57 18.14 21 20.71 22.25 20.9 18.33 5.82 9.97 34.73 35.7 15.84 15.63 27.54 
69.51 33.2 14.11 6.45 11.6 10.71 12.2 17.95 0 13.8 15.61 11.34 15.81 13.22 14.04 15.84 10.14 31.33 13.84 15.16 5.55 9.2 18.44 12.39 13.23 14.97 13.78 12.17 11.56 17.61 8.91 16.83 18.96 16.9 13.66 19.31 
82.13 20.36 27.9 12.29 25.41 13.2 21.62 27.92 13.8 0 6.11 19.04 29.61 15.94 11.86 24.4 11.6 17.68 27.61 28.78 14.29 22.78 5.17 15.23 9.12 28.34 8.19 25.2 13.82 29.68 21.51 13.63 9.38 13.54 27.47 9.47 
85.1 23.38 29.26 11.44 26.69 18.4 19.72 25.69 15.61 6.11 0 16.76 30.75 18.16 8.48 21.79 16.81 19.29 29.14 29.29 13.76 24.78 5.17 17.29 4.75 30.57 13.78 27.75 15.8 28.57 21.38 19.69 15.17 14.09 28.69 11.47 
73.83 39.3 17.29 7.11 15.09 21.77 13.92 8.98 11.34 19.04 16.76 0 18.01 12.91 20.56 5.38 20.9 35.86 17.6 15.37 6.12 15.6 21.59 12.25 12.14 20.57 13.37 19.29 11.78 12.19 7.87 27.22 27.22 8.45 16.49 18.88 
55.87 48.6 10 19.55 4.21 22.78 15.73 16.14 15.81 29.61 30.75 18.01 0 13.88 29.76 17.84 23.2 47.09 12.57 8.87 17.27 7.51 34.14 14.47 27.3 5.59 28.2 7.82 15.81 10.98 10.3 29.46 33.8 16.67 10.73 34.08 
66.94 34.76 12.08 8.93 9.69 10.45 13.2 18.44 13.22 15.94 18.16 12.91 13.88 0 15.9 16.86 10.27 33.24 11.72 13.69 7.67 6.84 20.75 9.99 15.88 12.5 16.42 9.59 13.67 17.25 8.72 16.99 20.14 5.43 11.73 21.9 
81.31 19.34 27.98 13.59 25.55 11.61 22.98 29.3 14.04 11.86 8.48 20.56 29.76 15.9 0 25.94 10.05 17.33 27.62 29.19 15.39 22.67 6.69 15.29 11.36 28.04 10.5 24.79 13.98 30.67 22.27 11.35 7.14 14.3 27.6 11.72 
72.75 44.61 17.69 12.45 16.03 26.52 15.63 14.36 15.84 24.4 21.79 5.38 17.84 16.86 25.94 0 25.8 41.02 18.22 14.68 11.18 17.7 26.75 16.38 17.07 21.66 18.33 21.2 16.26 9.03 9.41 32.28 32.58 13.29 16.86 23.51 
71.71 26.09 21.27 14.37 19.25 13.46 22.21 28.09 10.14 11.6 16.81 20.9 23.2 10.27 10.05 25.8 0 25.85 20.7 23.65 14.79 15.69 16.64 10.24 17.33 20.09 17.11 16.69 9.78 27.48 18.84 6.74 11 12.52 21.15 20.64 
97.41 6.07 45.31 29.66 42.88 27.09 38.7 44.84 31.33 17.68 19.29 35.86 47.09 33.24 17.33 41.02 25.85 0 44.95 46.43 31.81 39.98 14.27 32.62 24.03 45.24 22.78 41.93 31.29 47.17 39.17 22.89 15.39 31.21 44.94 18.64 
56.71 46.29 10.64 18.19 9.6 20.23 15.67 17.09 13.84 27.61 29.14 17.6 12.57 11.72 27.62 18.22 20.7 44.95 0 4.94 15.99 5.06 32.27 12.38 25.94 10.87 26.77 5.25 13.8 12.45 9.73 26.89 31.4 15.08 10.54 32.6 
58.51 48.34 12.92 17.88 4.66 23.45 12.86 12.82 15.16 28.78 29.29 15.37 8.87 13.69 29.19 14.68 23.65 46.43 4.94 0 15.56 8.42 33.03 14.09 25.51 8.51 26.51 9.98 15.26 7.69 8.08 30.17 33.83 15.4 13.65 32.41 
72.65 34.62 15.97 12 13.43 15.67 7.8 14.08 5.55 14.29 13.76 6.12 17.27 7.67 15.39 11.18 14.79 31.81 15.99 15.56 0 12.45 17.85 6.84 10.03 18.14 10.97 16 6 15.39 7.62 21.14 21.63 11.39 15.31 16.87 
60.47 41.23 5.58 14.42 11.45 15.29 14.48 17.73 9.2 22.78 24.78 15.6 7.51 6.84 22.67 17.7 15.69 39.98 5.06 8.42 12.45 0 27.58 7.6 22 5.81 22.71 10.31 9.08 14.44 8.31 22 26.34 11.01 5.49 28.4 
87.24 18.22 32.51 15.61 29.97 18.23 24.46 30.57 18.44 5.17 5.17 21.59 34.14 20.75 6.69 26.75 16.64 14.27 32.27 33.03 17.85 27.58 0 19.98 9.85 33.23 8.61 30.16 18.51 33.07 25.4 17.68 11.65 17.63 32.02 6.3 
67.82 34.28 12.7 8.03 10.26 10.56 12.72 18.14 12.39 15.23 17.29 12.25 14.47 9.99 15.29 16.38 10.24 32.62 12.38 14.09 6.84 7.6 19.98 0 14.95 13.32 15.51 10.47 12.84 17.24 8.61 16.98 19.78 4.55 12.31 21.02 
82.45 28.03 25.96 7.76 23.41 18.81 15.15 21 13.23 9.12 4.75 12.14 27.3 15.88 11.36 17.07 17.33 24.03 25.94 25.51 10.03 22 9.85 14.95 0 27.8 12.84 25.28 13.53 24.14 17.46 21.6 18.48 10.99 25.32 6.94 
54.65 46.1 4.41 20.18 5.64 19.35 18.91 20.71 14.97 28.34 30.57 20.57 5.59 12.5 28.04 21.66 20.09 45.24 10.87 8.51 18.14 5.81 33.23 13.32 27.8 0 28.52 10.48 14.82 16.1 12.77 25.8 31.05 16.81 5.14 34.21 
83.17 26.81 26.83 8.66 24.26 18.63 16.36 22.25 13.78 8.19 13.78 13.37 28.2 16.42 10.5 18.33 17.11 22.78 26.77 26.51 10.97 22.71 8.61 15.51 12.84 28.52 0 25.91 14.05 25.31 18.48 21.04 17.57 11.74 26.2 5.9 
57.35 42.71 6.07 17.85 5.78 15.95 18.08 20.9 12.17 25.2 27.75 19.29 7.82 9.59 24.79 21.2 16.69 41.93 5.25 9.98 16 10.31 30.16 10.47 25.28 10.48 25.91 0 11.96 17.01 11.87 22.43 27.65 14.37 6.47 31.48 
69.31 33.08 14.08 6.85 11.6 10.32 12.61 18.33 11.56 13.82 15.8 11.78 15.81 13.67 13.98 16.26 9.78 31.29 13.8 15.26 6 9.08 18.51 12.84 13.53 14.82 14.05 11.96 0 17.89 9.19 16.48 18.76 17.18 13.66 19.53 
64 49.97 11.69 17.51 11.24 27.69 9.13 5.82 17.61 29.68 28.57 12.19 10.98 17.25 30.67 9.03 27.48 47.17 12.45 7.69 15.39 14.44 33.07 17.24 24.14 16.1 25.31 17.01 17.89 0 8.71 34.22 36.42 16.42 10.97 30.99 
66.16 41.61 9.44 9.93 7.22 19.15 6.22 9.97 8.91 21.51 21.38 7.87 10.3 8.72 22.27 9.41 18.84 39.17 9.73 8.08 7.62 8.31 25.4 8.61 17.46 12.77 18.48 11.87 9.19 8.71 0 25.57 27.77 7.99 8.65 24.38 
74.89 21.71 27.52 20.37 25.67 6.72 28.75 34.73 16.83 13.63 19.69 27.22 29.46 16.99 11.35 32.28 6.74 22.89 26.89 30.17 21.14 22 17.68 16.98 21.6 25.8 21.04 22.43 16.48 34.22 25.57 0 7.64 19 27.48 23.07 
82.08 15.09 31.9 20.12 29.7 12.01 29.4 35.7 18.96 9.38 15.17 27.22 33.8 20.14 7.14 32.58 11 15.39 31.4 33.83 21.63 26.34 11.65 19.78 18.48 31.05 17.57 27.65 18.76 36.42 27.77 7.64 0 20.08 31.69 17.77 
71.46 33.64 15.18 12.58 12.61 13.33 9.75 15.84 16.9 13.54 14.09 8.45 16.67 5.43 14.3 13.29 12.52 31.21 15.08 15.4 11.39 11.01 17.63 4.55 10.99 16.81 11.74 14.37 17.18 16.42 7.99 19 20.08 0 14.6 17.53 
57.57 46.47 9.55 17.56 10.78 20.78 14.43 15.63 13.66 27.47 28.69 16.49 10.73 11.73 27.6 16.86 21.15 44.94 10.54 13.65 15.31 5.49 32.02 12.31 25.32 5.14 26.2 6.47 13.66 10.97 8.65 27.48 31.69 14.6 0 32.06 
88.82 23.49 32.68 14.56 30.11 22.25 21.93 27.54 19.31 9.47 11.47 18.88 34.08 21.9 11.72 23.51 20.64 18.64 32.6 32.41 16.87 28.4 6.3 21.02 6.94 34.21 5.9 31.48 19.53 30.99 24.38 23.07 17.77 17.53 32.06 0 
0	5000
0	151
0	255
0	309
0	347
0	382
0	419
0	430
0	457
0	492
0	508
0	561
0	606
0	636
0	662
0	701
0	738
0	773
0	852
0	863
0	893
0	916
0	962
0	993
0	1012
0	1047
0	1078
0	1107
0	1119
0	1137
0	1145
0	1171
0	1179
0	1199
0	1213
0	1245
C:
0 3 3 3 3 3 3 3 3 3 3 3 3 3 3 3 3 3 3 3 3 3 3 3 3 3 3 3 3 3 3 3 3 3 3 3 3 
3 0 3 3 3 3 3 3 3 3 3 3 3 3 3 3 3 3 3 3 3 3 3 3 3 3 3 3 3 3 3 3 3 3 3 3 3 
1 1 0 1 1 1 1 1 1 1 1 1 1 1 1 1 1 1 1 1 1 1 1 1 1 1 1 1 1 1 1 1 1 1 1 1 1 
1 1 1 0 1 1 1 1 1 1 1 1 1 1 1 1 1 1 1 1 1 1 1 1 1 1 1 1 1 1 1 1 1 1 1 1 1 
1 1 1 1 0 1 1 1 1 1 1 1 1 1 1 1 1 1 1 1 1 1 1 1 1 1 1 1 1 1 1 1 1 1 1 1 1 
1 1 1 1 1 0 1 1 1 1 1 1 1 1 1 1 1 1 1 1 1 1 1 1 1 1 1 1 1 1 1 1 1 1 1 1 1 
1 1 1 1 1 1 0 1 1 1 1 1 1 1 1 1 1 1 1 1 1 1 1 1 1 1 1 1 1 1 1 1 1 1 1 1 1 
2 2 2 2 2 2 2 0 2 2 2 2 2 2 2 2 2 2 2 2 2 2 2 2 2 2 2 2 2 2 2 2 2 2 2 2 2 
1 1 1 1 1 1 1 1 0 1 1 1 1 1 1 1 1 1 1 1 1 1 1 1 1 1 1 1 1 1 1 1 1 1 1 1 1 
1 1 1 1 1 1 1 1 1 0 1 1 1 1 1 1 1 1 1 1 1 1 1 1 1 1 1 1 1 1 1 1 1 1 1 1 1 
1 1 1 1 1 1 1 1 1 1 0 1 1 1 1 1 1 1 1 1 1 1 1 1 1 1 1 1 1 1 1 1 1 1 1 1 1 
1 1 1 1 1 1 1 1 1 1 1 0 1 1 1 1 1 1 1 1 1 1 1 1 1 1 1 1 1 1 1 1 1 1 1 1 1 
2 2 2 2 2 2 2 2 2 2 2 2 0 2 2 2 2 2 2 2 2 2 2 2 2 2 2 2 2 2 2 2 2 2 2 2 2 
1 1 1 1 1 1 1 1 1 1 1 1 1 0 1 1 1 1 1 1 1 1 1 1 1 1 1 1 1 1 1 1 1 1 1 1 1 
1 1 1 1 1 1 1 1 1 1 1 1 1 1 0 1 1 1 1 1 1 1 1 1 1 1 1 1 1 1 1 1 1 1 1 1 1 
1 1 1 1 1 1 1 1 1 1 1 1 1 1 1 0 1 1 1 1 1 1 1 1 1 1 1 1 1 1 1 1 1 1 1 1 1 
1 1 1 1 1 1 1 1 1 1 1 1 1 1 1 1 0 1 1 1 1 1 1 1 1 1 1 1 1 1 1 1 1 1 1 1 1 
3 3 3 3 3 3 3 3 3 3 3 3 3 3 3 3 3 0 3 3 3 3 3 3 3 3 3 3 3 3 3 3 3 3 3 3 3 
1 1 1 1 1 1 1 1 1 1 1 1 1 1 1 1 1 1 0 1 1 1 1 1 1 1 1 1 1 1 1 1 1 1 1 1 1 
2 2 2 2 2 2 2 2 2 2 2 2 2 2 2 2 2 2 2 0 2 2 2 2 2 2 2 2 2 2 2 2 2 2 2 2 2 
1 1 1 1 1 1 1 1 1 1 1 1 1 1 1 1 1 1 1 1 0 1 1 1 1 1 1 1 1 1 1 1 1 1 1 1 1 
1 1 1 1 1 1 1 1 1 1 1 1 1 1 1 1 1 1 1 1 1 0 1 1 1 1 1 1 1 1 1 1 1 1 1 1 1 
2 2 2 2 2 2 2 2 2 2 2 2 2 2 2 2 2 2 2 2 2 2 0 2 2 2 2 2 2 2 2 2 2 2 2 2 2 
1 1 1 1 1 1 1 1 1 1 1 1 1 1 1 1 1 1 1 1 1 1 1 0 1 1 1 1 1 1 1 1 1 1 1 1 1 
1 1 1 1 1 1 1 1 1 1 1 1 1 1 1 1 1 1 1 1 1 1 1 1 0 1 1 1 1 1 1 1 1 1 1 1 1 
2 2 2 2 2 2 2 2 2 2 2 2 2 2 2 2 2 2 2 2 2 2 2 2 2 0 2 2 2 2 2 2 2 2 2 2 2 
1 1 1 1 1 1 1 1 1 1 1 1 1 1 1 1 1 1 1 1 1 1 1 1 1 1 0 1 1 1 1 1 1 1 1 1 1 
1 1 1 1 1 1 1 1 1 1 1 1 1 1 1 1 1 1 1 1 1 1 1 1 1 1 1 0 1 1 1 1 1 1 1 1 1 
1 1 1 1 1 1 1 1 1 1 1 1 1 1 1 1 1 1 1 1 1 1 1 1 1 1 1 1 0 1 1 1 1 1 1 1 1 
2 2 2 2 2 2 2 2 2 2 2 2 2 2 2 2 2 2 2 2 2 2 2 2 2 2 2 2 2 0 2 2 2 2 2 2 2 
1 1 1 1 1 1 1 1 1 1 1 1 1 1 1 1 1 1 1 1 1 1 1 1 1 1 1 1 1 1 0 1 1 1 1 1 1 
2 2 2 2 2 2 2 2 2 2 2 2 2 2 2 2 2 2 2 2 2 2 2 2 2 2 2 2 2 2 2 0 2 2 2 2 2 
2 2 2 2 2 2 2 2 2 2 2 2 2 2 2 2 2 2 2 2 2 2 2 2 2 2 2 2 2 2 2 2 0 2 2 2 2 
1 1 1 1 1 1 1 1 1 1 1 1 1 1 1 1 1 1 1 1 1 1 1 1 1 1 1 1 1 1 1 1 1 0 1 1 1 
1 1 1 1 1 1 1 1 1 1 1 1 1 1 1 1 1 1 1 1 1 1 1 1 1 1 1 1 1 1 1 1 1 1 0 1 1 
2 2 2 2 2 2 2 2 2 2 2 2 2 2 2 2 2 2 2 2 2 2 2 2 2 2 2 2 2 2 2 2 2 2 2 0 2 
3 3 3 3 3 3 3 3 3 3 3 3 3 3 3 3 3 3 3 3 3 3 3 3 3 3 3 3 3 3 3 3 3 3 3 3 0 
Time:
0	15
15	30
30	45
45	60
60	75
75	90
90	105
105	120
120	135
135	150
150	165
165	180
180	195
195	210
210	225
225	240
240	255
255	270
270	285
285	300
300	315
315	330
330	345
345	360
360	375
375	390
390	405
405	420
420	435
435	450
450	465
465	480
480	495
495	510
510	525
525	540
540	555
555	570
570	585
585	600
600	615
615	630
630	645
645	660
660	675
675	690
690	705
705	720
720	735
735	750
750	765
765	780
780	795
795	810
810	825
825	840
840	855
855	870
870	885
885	900
900	915
915	930
930	945
945	960
960	975
975	990
990	1005
1005	1020
1020	1035
1035	1050
1050	1065
1065	1080
1080	5000
Speed:
0.925	0.85	0.925	1	0.8325	0.765	0.8325	0.9	0.4625	0.425	0.4625	0.5	0.30525	0.2805	0.30525	0.33	0.37	0.34	0.37	0.4	0.555	0.51	0.555	0.6	0.6475	0.595	0.6475	0.7	0.37	0.34	0.37	0.4	0.30525	0.2805	0.30525	0.33	0.4625	0.425	0.4625	0.5	0.6475	0.595	0.6475	0.7	0.74	0.68	0.74	0.8	0.6475	0.595	0.6475	0.7	0.4625	0.425	0.4625	0.5	0.555	0.51	0.555	0.6	0.6475	0.595	0.6475	0.7	0.8325	0.765	0.8325	0.9	0.925	0.85	0.925	1	1	
0.925	0.85	0.925	1	0.8325	0.765	0.8325	0.9	0.4625	0.425	0.4625	0.5	0.30525	0.2805	0.30525	0.33	0.37	0.34	0.37	0.4	0.555	0.51	0.555	0.6	0.6475	0.595	0.6475	0.7	0.37	0.34	0.37	0.4	0.30525	0.2805	0.30525	0.33	0.4625	0.425	0.4625	0.5	0.6475	0.595	0.6475	0.7	0.74	0.68	0.74	0.8	0.6475	0.595	0.6475	0.7	0.4625	0.425	0.4625	0.5	0.555	0.51	0.555	0.6	0.6475	0.595	0.6475	0.7	0.8325	0.765	0.8325	0.9	0.925	0.85	0.925	1	1	
0.925	0.85	0.925	1	0.8325	0.765	0.8325	0.9	0.4625	0.425	0.4625	0.5	0.30525	0.2805	0.30525	0.33	0.37	0.34	0.37	0.4	0.555	0.51	0.555	0.6	0.6475	0.595	0.6475	0.7	0.37	0.34	0.37	0.4	0.30525	0.2805	0.30525	0.33	0.4625	0.425	0.4625	0.5	0.6475	0.595	0.6475	0.7	0.74	0.68	0.74	0.8	0.6475	0.595	0.6475	0.7	0.4625	0.425	0.4625	0.5	0.555	0.51	0.555	0.6	0.6475	0.595	0.6475	0.7	0.8325	0.765	0.8325	0.9	0.925	0.85	0.925	1	1	
