36
0 47.86 74.14 68.55 102.46 52.3 72.52 43.22 47 72.09 69.13 73.66 74.71 75.13 41.07 72.46 73.74 99.38 60.15 82.53 72.58 74.73 108.99 77.31 64.09 36.46 74.28 74.58 71.52 53.53 57.83 94 72.34 67.96 83.92 74.15 
47.86 0 33.08 20.9 56.3 16.68 27.51 27.82 20.9 32.03 22.6 31.09 32.02 27.28 19.96 24.6 32.09 53.57 12.85 38.1 25.69 33.77 61.84 29.46 37.42 15.69 28.96 27.41 25.96 24.79 10.06 46.17 32.24 21.97 44.74 26.29 
74.14 33.08 0 21.21 30.92 45.98 9.78 60.38 32.98 50.02 15.54 45.95 16.44 25.79 52.85 25.12 47.92 27.46 22.74 10.82 33.33 20.06 39.59 26.76 64.31 48.55 39.46 17.59 37.66 54.31 26.17 32.8 50.09 14.39 11.73 25.28 
68.55 20.9 21.21 0 36.03 27.56 11.7 43.59 21.62 28.82 5.68 24.87 18.32 7.83 37.22 5.53 26.8 33.6 8.49 20.57 12.62 21.78 41.01 9.94 43.79 35.61 18.71 7.05 16.6 35.24 10.84 25.54 28.89 7.16 31.85 6.82 
102.46 56.3 30.92 36.03 0 62.68 29.96 79.08 56.79 56.05 33.76 51.03 29 32.67 73.15 34.63 52.94 22.54 43.46 20.56 40.32 30.58 9.61 31.33 74.83 71.53 44.39 29.07 44.71 69.43 46.53 18.81 55.97 34.66 27.84 33.23 
52.3 16.68 45.98 27.56 62.68 0 38.08 16.46 17.73 19.91 31.97 21.44 44.01 30.13 12.21 28.06 21.44 60.62 23.25 47.97 23.85 46.66 66.05 31.76 20.74 16.08 23.29 34.5 21.04 8.48 19.83 48.26 20.16 32.31 57.61 29.49 
72.52 27.51 9.78 11.7 29.96 38.08 0 53.39 27.75 40.39 6.25 36.22 6.65 16.08 46.33 15.33 38.2 26.87 15.34 10.59 23.56 10.28 37.12 17.2 55.37 43.18 29.69 8.01 27.94 46.16 18.83 26.22 40.44 5.83 20.17 15.53 
43.22 27.82 60.38 43.59 79.08 16.46 53.39 0 28.3 32.14 47.51 35.34 58.84 46.58 8.12 44.47 34.65 76.95 38.1 63.64 40.15 61.07 82.5 48.22 20.87 15.52 38.8 50.61 36.93 12.09 34.59 64.62 32.39 47.57 72.11 45.93 
47 20.9 32.98 21.62 56.79 17.73 27.75 28.3 0 33.31 23.04 32.37 32.05 28.18 20.35 25.5 33.38 54.01 13.41 38.34 26.83 33.67 62.48 30.37 38.47 15.61 30.19 28 27.18 25.74 10.83 47 33.52 22.31 44.59 27.19 
72.09 32.03 50.02 28.82 56.05 19.91 40.39 32.14 33.31 0 34.5 5.02 47.04 25.85 31.23 25.46 20.87 54.99 30.44 47.53 17.32 50.58 56.57 26.15 19.35 35.99 11.86 33.58 12.63 20.06 28.45 38.29 9.97 35.84 60.29 25.91 
69.13 22.6 15.54 5.68 33.76 31.97 6.25 47.51 23.04 34.5 0 30.53 12.74 11.81 40.67 10.29 32.47 30.97 9.86 16.13 18.13 16.12 39.86 13.49 49.13 38.07 24.26 5.9 22.25 39.97 13.2 26.36 34.57 12.08 26.38 11 
73.66 31.09 45.95 24.87 51.03 21.44 36.22 35.34 32.37 5.02 30.53 0 42.86 21.2 33.41 21.05 15.99 49.99 27.57 42.91 12.78 46.48 51.61 21.34 24.24 37.25 6.98 29.12 8.29 23.34 26.05 33.31 4.95 32 55.92 21.33 
74.71 32.02 16.44 18.32 29 44.01 6.65 58.84 32.05 47.04 12.74 42.86 0 22.45 51.5 21.91 44.84 25.61 20.84 8.46 30.17 16.93 37.3 23.35 61.83 47.65 36.28 14.21 34.58 52.23 24.34 29.54 47.1 11.87 13.71 21.99 
75.13 27.28 25.79 7.83 32.67 30.13 16.08 46.58 28.18 25.85 11.81 21.2 22.45 0 41.15 13.36 23.23 30.85 15.87 21.71 8.56 26.23 36.08 17.45 43.16 40.83 14.29 8.25 13.29 36.76 17.44 19.07 25.86 13.71 34.93 14.65 
41.07 19.96 52.85 37.22 73.15 12.21 46.33 8.12 20.35 31.23 40.67 33.41 51.5 41.15 0 38.83 33.18 70.82 30.99 56.75 35.68 53.54 77.23 42.98 25.03 7.96 35.49 44.27 33.18 12.72 27.52 59.8 31.49 40.54 64.56 40.39 
72.46 24.6 25.12 5.53 34.63 28.06 15.33 44.47 25.5 25.46 10.29 21.05 21.91 13.36 38.83 0 23.06 32.63 13.25 22.19 8.28 25.61 38.43 4.9 42.04 38.29 14.38 8.12 12.85 34.99 14.75 21.68 25.49 12.09 34.87 12.35 
73.74 32.09 47.92 26.8 52.94 21.44 38.2 34.65 33.38 20.87 32.47 15.99 44.84 23.23 33.18 23.06 0 51.94 29.21 44.94 14.81 48.45 53.37 23.37 22.57 37.42 9.01 31.14 10.27 22.58 27.54 35.1 20.84 33.91 57.93 23.36 
99.38 53.57 27.46 33.6 22.54 60.62 26.87 76.95 54.01 54.99 30.97 49.99 25.61 30.85 70.82 32.63 51.94 0 40.76 17.21 38.8 27.1 12.94 29.68 73.51 68.93 43.22 26.58 43.31 67.58 43.92 18.93 54.93 31.77 24.46 31.33 
60.15 12.85 22.74 8.49 43.46 23.25 15.34 38.1 13.41 30.44 9.86 27.57 20.84 15.87 30.99 13.25 29.21 40.76 0 25.79 17.59 23.41 49.08 18.08 42.09 28.22 22.82 14.59 20.06 31.59 19.33 34.02 30.57 9.55 34.37 14.83 
82.53 38.1 10.82 20.57 20.56 47.97 10.59 63.64 38.34 47.53 16.13 42.91 8.46 21.71 56.75 22.19 44.94 17.21 25.79 0 30.21 10.63 28.87 21.79 64.05 53.77 35.98 14.18 34.91 55.79 29.23 23 47.54 16.26 14.12 21.62 
72.58 25.69 33.33 12.62 40.32 23.85 23.56 40.15 26.83 17.32 18.13 12.78 30.17 8.56 35.68 8.28 14.81 38.8 17.59 30.21 0 33.84 42.57 9.18 34.8 36.83 6.14 16.34 4.73 29.47 17.44 24.49 17.33 19.76 43.13 8.59 
74.73 33.77 20.06 21.78 30.58 46.66 10.28 61.07 33.67 50.58 16.12 46.48 16.93 26.23 53.54 25.61 48.45 27.1 23.41 10.63 33.84 0 39.31 27.16 64.95 49.24 39.97 18.01 38.19 54.98 26.85 32.85 50.64 15.01 11.04 25.74 
108.99 61.84 39.59 41.01 9.61 66.05 37.12 82.5 62.48 56.57 39.86 51.61 37.3 36.08 77.23 38.43 53.37 12.94 49.08 28.87 42.57 39.31 0 34.31 75.83 76.51 45.54 34.5 46.47 72.04 51.83 18.36 56.45 41.09 37.39 36.84 
77.31 29.46 26.76 9.94 31.33 31.76 17.2 48.22 30.37 26.15 13.49 21.34 23.35 17.45 42.98 4.9 23.37 29.68 18.08 21.79 9.18 27.16 34.31 0 43.97 42.86 14.36 9.2 13.82 38.14 19.65 17.02 26.13 15.42 35.36 16.77 
64.09 37.42 64.31 43.79 74.83 20.74 55.37 20.87 38.47 19.35 49.13 24.24 61.83 43.16 25.03 42.04 22.57 73.51 42.09 64.05 34.8 64.95 75.83 43.97 0 32.6 30.48 49.88 30.21 13.26 39.02 57.51 19.5 49.99 75.51 42.93 
36.46 15.69 48.55 35.61 71.53 16.08 43.18 15.52 15.61 35.99 38.07 37.25 47.65 40.83 7.96 38.29 37.42 68.93 28.22 53.77 36.83 49.24 76.51 42.86 32.6 0 37.95 42.47 35.28 19.69 25.01 59.88 36.25 37.58 60.11 39.95 
74.28 28.96 39.46 18.71 44.39 23.29 29.69 38.8 30.19 11.86 24.26 6.98 36.28 14.29 35.49 14.38 9.01 43.22 22.82 35.98 6.14 39.97 45.54 14.36 30.48 37.95 0 22.34 10.87 27.3 22.04 27.18 11.82 25.86 49.14 14.49 
74.58 27.41 17.59 7.05 29.07 34.5 8.01 50.61 28 33.58 5.9 29.12 14.21 8.25 44.27 8.12 31.14 26.58 14.59 14.18 16.34 18.01 34.5 9.2 49.88 42.47 22.34 0 20.96 42.01 17.5 20.46 33.61 7.64 26.8 7.87 
71.52 25.96 37.66 16.6 44.71 21.04 27.94 36.93 27.18 12.63 22.25 8.29 34.58 13.29 33.18 12.85 10.27 43.31 20.06 34.91 4.73 38.19 46.47 13.82 30.21 35.28 10.87 20.96 0 25.74 19.11 28.19 12.65 23.75 47.71 13.29 
53.53 24.79 54.31 35.24 69.43 8.48 46.16 12.09 25.74 20.06 39.97 23.34 52.23 36.76 12.72 34.99 22.58 67.58 31.59 55.79 29.47 54.98 72.04 38.14 13.26 19.69 27.3 42.01 25.74 0 28.21 53.87 20.3 40.45 65.89 36.26 
57.83 10.06 26.17 10.84 46.53 19.83 18.83 34.59 10.83 28.45 13.2 26.05 24.34 17.44 27.52 14.75 27.54 43.92 19.33 29.23 17.44 26.85 51.83 19.65 39.02 25.01 22.04 17.5 19.11 28.21 0 36.17 28.61 13.02 37.84 16.43 
94 46.17 32.8 25.54 18.81 48.26 26.22 64.62 47 38.29 26.36 33.31 29.54 19.07 59.8 21.68 35.1 18.93 34.02 23 24.49 32.85 18.36 17.02 57.51 59.88 27.18 20.46 28.19 53.87 36.17 0 38.18 28.05 36.36 19.99 
72.34 32.24 50.09 28.89 55.97 20.16 40.44 32.39 33.52 9.97 34.57 4.95 47.1 25.86 31.49 25.49 20.84 54.93 30.57 47.54 17.33 50.64 56.45 26.13 19.5 36.25 11.82 33.61 12.65 20.3 28.61 38.18 0 35.92 60.33 25.92 
67.96 21.97 14.39 7.16 34.66 32.31 5.83 47.57 22.31 35.84 12.08 32 11.87 13.71 40.54 12.09 33.91 31.77 9.55 16.26 19.76 15.01 41.09 15.42 49.99 37.58 25.86 7.64 23.75 40.45 13.02 28.05 35.92 0 25.57 12.88 
83.92 44.74 11.73 31.85 27.84 57.61 20.17 72.11 44.59 60.29 26.38 55.92 13.71 34.93 64.56 34.87 57.93 24.46 34.37 14.12 43.13 11.04 37.39 35.36 75.51 60.11 49.14 26.8 47.71 65.89 37.84 36.36 60.33 25.57 0 34.65 
74.15 26.29 25.28 6.82 33.23 29.49 15.53 45.93 27.19 25.91 11 21.33 21.99 14.65 40.39 12.35 23.36 31.33 14.83 21.62 8.59 25.74 36.84 16.77 42.93 39.95 14.49 7.87 13.29 36.26 16.43 19.99 25.92 12.88 34.65 0 
0	5000
0	93
0	132
0	157
0	237
0	390
0	451
0	593
0	651
0	702
0	749
0	795
0	876
0	918
0	985
0	1036
0	1062
0	1118
0	1159
0	1185
0	1215
0	1249
0	1288
0	1322
0	1366
0	1399
0	1437
0	1459
0	1480
0	1506
0	1534
0	1570
0	1609
0	1644
0	1670
0	1705
C:
0 3 3 3 3 3 3 3 3 3 3 3 3 3 3 3 3 3 3 3 3 3 3 3 3 3 3 3 3 3 3 3 3 3 3 3 3 
2 0 2 2 2 2 2 2 2 2 2 2 2 2 2 2 2 2 2 2 2 2 2 2 2 2 2 2 2 2 2 2 2 2 2 2 2 
2 2 0 2 2 2 2 2 2 2 2 2 2 2 2 2 2 2 2 2 2 2 2 2 2 2 2 2 2 2 2 2 2 2 2 2 2 
1 1 1 0 1 1 1 1 1 1 1 1 1 1 1 1 1 1 1 1 1 1 1 1 1 1 1 1 1 1 1 1 1 1 1 1 1 
3 3 3 3 0 3 3 3 3 3 3 3 3 3 3 3 3 3 3 3 3 3 3 3 3 3 3 3 3 3 3 3 3 3 3 3 3 
3 3 3 3 3 0 3 3 3 3 3 3 3 3 3 3 3 3 3 3 3 3 3 3 3 3 3 3 3 3 3 3 3 3 3 3 3 
1 1 1 1 1 1 0 1 1 1 1 1 1 1 1 1 1 1 1 1 1 1 1 1 1 1 1 1 1 1 1 1 1 1 1 1 1 
3 3 3 3 3 3 3 0 3 3 3 3 3 3 3 3 3 3 3 3 3 3 3 3 3 3 3 3 3 3 3 3 3 3 3 3 3 
2 2 2 2 2 2 2 2 0 2 2 2 2 2 2 2 2 2 2 2 2 2 2 2 2 2 2 2 2 2 2 2 2 2 2 2 2 
3 3 3 3 3 3 3 3 3 0 3 3 3 3 3 3 3 3 3 3 3 3 3 3 3 3 3 3 3 3 3 3 3 3 3 3 3 
1 1 1 1 1 1 1 1 1 1 0 1 1 1 1 1 1 1 1 1 1 1 1 1 1 1 1 1 1 1 1 1 1 1 1 1 1 
2 2 2 2 2 2 2 2 2 2 2 0 2 2 2 2 2 2 2 2 2 2 2 2 2 2 2 2 2 2 2 2 2 2 2 2 2 
2 2 2 2 2 2 2 2 2 2 2 2 0 2 2 2 2 2 2 2 2 2 2 2 2 2 2 2 2 2 2 2 2 2 2 2 2 
1 1 1 1 1 1 1 1 1 1 1 1 1 0 1 1 1 1 1 1 1 1 1 1 1 1 1 1 1 1 1 1 1 1 1 1 1 
3 3 3 3 3 3 3 3 3 3 3 3 3 3 0 3 3 3 3 3 3 3 3 3 3 3 3 3 3 3 3 3 3 3 3 3 3 
1 1 1 1 1 1 1 1 1 1 1 1 1 1 1 0 1 1 1 1 1 1 1 1 1 1 1 1 1 1 1 1 1 1 1 1 1 
3 3 3 3 3 3 3 3 3 3 3 3 3 3 3 3 0 3 3 3 3 3 3 3 3 3 3 3 3 3 3 3 3 3 3 3 3 
3 3 3 3 3 3 3 3 3 3 3 3 3 3 3 3 3 0 3 3 3 3 3 3 3 3 3 3 3 3 3 3 3 3 3 3 3 
1 1 1 1 1 1 1 1 1 1 1 1 1 1 1 1 1 1 0 1 1 1 1 1 1 1 1 1 1 1 1 1 1 1 1 1 1 
2 2 2 2 2 2 2 2 2 2 2 2 2 2 2 2 2 2 2 0 2 2 2 2 2 2 2 2 2 2 2 2 2 2 2 2 2 
1 1 1 1 1 1 1 1 1 1 1 1 1 1 1 1 1 1 1 1 0 1 1 1 1 1 1 1 1 1 1 1 1 1 1 1 1 
2 2 2 2 2 2 2 2 2 2 2 2 2 2 2 2 2 2 2 2 2 0 2 2 2 2 2 2 2 2 2 2 2 2 2 2 2 
3 3 3 3 3 3 3 3 3 3 3 3 3 3 3 3 3 3 3 3 3 3 0 3 3 3 3 3 3 3 3 3 3 3 3 3 3 
1 1 1 1 1 1 1 1 1 1 1 1 1 1 1 1 1 1 1 1 1 1 1 0 1 1 1 1 1 1 1 1 1 1 1 1 1 
3 3 3 3 3 3 3 3 3 3 3 3 3 3 3 3 3 3 3 3 3 3 3 3 0 3 3 3 3 3 3 3 3 3 3 3 3 
3 3 3 3 3 3 3 3 3 3 3 3 3 3 3 3 3 3 3 3 3 3 3 3 3 0 3 3 3 3 3 3 3 3 3 3 3 
2 2 2 2 2 2 2 2 2 2 2 2 2 2 2 2 2 2 2 2 2 2 2 2 2 2 0 2 2 2 2 2 2 2 2 2 2 
1 1 1 1 1 1 1 1 1 1 1 1 1 1 1 1 1 1 1 1 1 1 1 1 1 1 1 0 1 1 1 1 1 1 1 1 1 
1 1 1 1 1 1 1 1 1 1 1 1 1 1 1 1 1 1 1 1 1 1 1 1 1 1 1 1 0 1 1 1 1 1 1 1 1 
3 3 3 3 3 3 3 3 3 3 3 3 3 3 3 3 3 3 3 3 3 3 3 3 3 3 3 3 3 0 3 3 3 3 3 3 3 
1 1 1 1 1 1 1 1 1 1 1 1 1 1 1 1 1 1 1 1 1 1 1 1 1 1 1 1 1 1 0 1 1 1 1 1 1 
2 2 2 2 2 2 2 2 2 2 2 2 2 2 2 2 2 2 2 2 2 2 2 2 2 2 2 2 2 2 2 0 2 2 2 2 2 
3 3 3 3 3 3 3 3 3 3 3 3 3 3 3 3 3 3 3 3 3 3 3 3 3 3 3 3 3 3 3 3 0 3 3 3 3 
1 1 1 1 1 1 1 1 1 1 1 1 1 1 1 1 1 1 1 1 1 1 1 1 1 1 1 1 1 1 1 1 1 0 1 1 1 
3 3 3 3 3 3 3 3 3 3 3 3 3 3 3 3 3 3 3 3 3 3 3 3 3 3 3 3 3 3 3 3 3 3 0 3 3 
1 1 1 1 1 1 1 1 1 1 1 1 1 1 1 1 1 1 1 1 1 1 1 1 1 1 1 1 1 1 1 1 1 1 1 0 1 
3 3 3 3 3 3 3 3 3 3 3 3 3 3 3 3 3 3 3 3 3 3 3 3 3 3 3 3 3 3 3 3 3 3 3 3 0 
Time:
0	15
15	30
30	45
45	60
60	75
75	90
90	105
105	120
120	135
135	150
150	165
165	180
180	195
195	210
210	225
225	240
240	255
255	270
270	285
285	300
300	315
315	330
330	345
345	360
360	375
375	390
390	405
405	420
420	435
435	450
450	465
465	480
480	495
495	510
510	525
525	540
540	555
555	570
570	585
585	600
600	615
615	630
630	645
645	660
660	675
675	690
690	705
705	720
720	735
735	750
750	765
765	780
780	795
795	810
810	825
825	840
840	855
855	870
870	885
885	900
900	915
915	930
930	945
945	960
960	975
975	990
990	1005
1005	1020
1020	1035
1035	1050
1050	1065
1065	1080
1080	5000
Speed:
0.925	0.85	0.925	1	0.8325	0.765	0.8325	0.9	0.4625	0.425	0.4625	0.5	0.30525	0.2805	0.30525	0.33	0.37	0.34	0.37	0.4	0.555	0.51	0.555	0.6	0.6475	0.595	0.6475	0.7	0.37	0.34	0.37	0.4	0.30525	0.2805	0.30525	0.33	0.4625	0.425	0.4625	0.5	0.6475	0.595	0.6475	0.7	0.74	0.68	0.74	0.8	0.6475	0.595	0.6475	0.7	0.4625	0.425	0.4625	0.5	0.555	0.51	0.555	0.6	0.6475	0.595	0.6475	0.7	0.8325	0.765	0.8325	0.9	0.925	0.85	0.925	1	1	
0.925	0.85	0.925	1	0.8325	0.765	0.8325	0.9	0.4625	0.425	0.4625	0.5	0.30525	0.2805	0.30525	0.33	0.37	0.34	0.37	0.4	0.555	0.51	0.555	0.6	0.6475	0.595	0.6475	0.7	0.37	0.34	0.37	0.4	0.30525	0.2805	0.30525	0.33	0.4625	0.425	0.4625	0.5	0.6475	0.595	0.6475	0.7	0.74	0.68	0.74	0.8	0.6475	0.595	0.6475	0.7	0.4625	0.425	0.4625	0.5	0.555	0.51	0.555	0.6	0.6475	0.595	0.6475	0.7	0.8325	0.765	0.8325	0.9	0.925	0.85	0.925	1	1	
0.925	0.85	0.925	1	0.8325	0.765	0.8325	0.9	0.4625	0.425	0.4625	0.5	0.30525	0.2805	0.30525	0.33	0.37	0.34	0.37	0.4	0.555	0.51	0.555	0.6	0.6475	0.595	0.6475	0.7	0.37	0.34	0.37	0.4	0.30525	0.2805	0.30525	0.33	0.4625	0.425	0.4625	0.5	0.6475	0.595	0.6475	0.7	0.74	0.68	0.74	0.8	0.6475	0.595	0.6475	0.7	0.4625	0.425	0.4625	0.5	0.555	0.51	0.555	0.6	0.6475	0.595	0.6475	0.7	0.8325	0.765	0.8325	0.9	0.925	0.85	0.925	1	1	
