36
0 64.63 72.24 58.98 85.59 47.17 50.02 74.72 71 92.72 60.52 62.43 42.86 70.16 75.78 72.96 51.71 57.51 82.23 81.99 83.09 61.97 67.52 68.01 68.12 68.08 73.91 86.36 57.15 67.95 50.41 82.36 75.15 99.42 51.45 76.05 
64.63 0 17.91 6.87 23.3 18.86 14.61 10.28 17.52 35.7 10.49 11.37 21.81 10.2 26.19 9.72 12.98 12.46 19.66 25.75 38.73 5.12 4.29 16.82 10.7 13.46 19.73 22.83 10.24 13.91 20.23 27.52 22.73 41.37 13.24 12.76 
72.24 17.91 0 17.47 32.2 32.89 26.49 15.55 34.03 47.05 28.3 17.17 31.69 25.93 42.32 22.5 25.86 29.86 29.22 39.29 54.71 15.25 20.45 34.06 7.26 30.51 16.42 29.65 27.14 31.01 21.84 41.45 38.56 51.22 24.64 23.85 
58.98 6.87 17.47 0 30.17 15.56 9.65 15.91 23.04 42.4 13.07 18.14 16.24 16.58 31.62 16.6 8.61 13.52 26.53 32.19 44.01 11.99 11.06 21.68 10.75 18.77 19.46 29.59 10.51 19.12 13.41 33.84 28.45 48.17 7.89 19.62 
85.59 23.3 32.2 30.17 0 38.43 36.63 17.11 16.71 15.03 25.1 26.09 43.82 15.44 19.06 13.6 34.76 28.16 17.46 11.06 27.97 27.97 19.29 19.54 28.12 18.09 32.94 20.91 28.48 18.36 43.41 13.18 16.11 19.11 35.7 10.55 
47.17 18.86 32.89 15.56 38.43 0 6.76 29.1 24.7 46.71 13.43 17.46 8.1 23 31.26 26 7.04 10.54 35.07 35.79 41.7 18.26 20.86 21.93 26.31 21.26 34.89 39.26 10.01 21.22 18.79 36.59 29.58 53.27 8.52 29.03 
50.02 14.61 26.49 9.65 36.63 6.76 0 24.77 25.32 46.81 13.4 12.52 7.27 21.44 33.02 23.32 13.8 11.59 33.07 35.99 44.5 12.59 17.69 23 20.24 21.29 28.47 36.83 9.32 21.42 12.81 37.17 30.65 53.11 15.28 26.47 
74.72 10.28 15.55 15.91 17.11 29.1 24.77 0 19.96 31.66 18.77 12.3 31.86 12.16 27.61 7.71 23.21 21.48 13.86 23.79 39.68 13.05 9.02 20.83 11.04 17.34 16.65 15.23 19.92 17.87 27.92 25.98 23.78 36.22 23.28 8.36 
71 17.52 34.03 23.04 16.71 24.7 25.32 19.96 0 22.01 11.93 19.81 31.7 8.1 8.67 12.26 23.48 14.29 14.56 11.1 21.21 22.42 13.82 13.18 27.39 4.28 35.56 19.23 16.02 13.85 35.79 11.94 5.46 28.61 25.13 12.82 
92.72 35.7 47.05 42.4 15.03 46.71 46.81 31.66 22.01 0 33.66 38.48 53.51 25.92 17.54 26.36 44.92 36.24 17.84 10.93 18.72 40.76 31.41 24.88 42.42 25.64 47.88 18.29 37.67 25.6 55.79 10.36 17.57 6.73 46.34 23.91 
60.52 10.49 28.3 13.07 25.1 13.43 13.4 18.77 11.93 33.66 0 11.33 19.85 9.8 19.76 13.55 11.58 18.75 21.84 22.76 31.66 13.73 9.75 9.64 21.05 8.03 30.17 26.21 19.08 8.09 24.52 23.83 17.25 40.1 13.32 16.31 
62.43 11.37 17.17 18.14 26.09 17.46 12.52 12.3 19.81 38.48 11.33 0 19.57 12.83 28.48 12.53 11.06 12.69 22.45 28.44 40.98 16.47 7.08 18.82 9.94 15.64 19.1 25.54 10.02 16.04 17.41 30.16 25.13 44.18 10.99 15.55 
42.86 21.81 31.69 16.24 43.82 8.1 7.27 31.86 31.7 53.51 19.85 19.57 0 28.53 38.85 30.58 9.08 17.46 40.29 42.61 49.66 19.25 24.96 29.13 26.2 27.88 33.6 44.09 15.85 27.93 13.03 43.63 36.84 59.92 8.59 33.73 
70.16 10.2 25.93 16.58 15.44 23 21.44 12.16 8.1 25.92 9.8 12.83 28.53 0 16.48 4.78 19.55 12.91 12.08 15.62 29 15.31 6.06 8.68 19.4 5.21 27.46 16.41 13.04 5.75 29.91 17.33 12.82 31.92 20.71 6.79 
75.78 26.19 42.32 31.62 19.06 31.26 33.02 27.61 8.67 17.54 19.76 28.48 38.85 16.48 0 20 31.26 21.51 18.49 8.75 12.55 31.09 22.4 10.15 35.88 12.87 43.77 22.53 23.78 12.51 44.13 7.71 14.13 24.21 33.07 19.62 
72.96 9.72 22.5 16.6 13.6 26 23.32 7.71 12.26 26.36 13.55 12.53 30.58 4.78 20 0 21.5 16.62 9.96 17.15 32.24 14.56 5.71 13.33 16.6 9.96 23.84 13.51 16.04 10.49 29.93 19.19 16.19 31.78 22.26 11.57 
51.71 12.98 25.86 8.61 34.76 7.04 13.8 23.21 23.48 44.92 11.58 11.06 9.08 19.55 31.26 21.5 0 9.93 31.21 34.11 42.85 11.43 15.9 21.2 19.34 19.43 27.85 35 7.5 19.56 13.95 35.31 28.83 51.21 15.56 24.64 
57.51 12.46 29.86 13.52 28.16 10.54 11.59 21.48 14.29 36.24 18.75 12.69 17.46 12.91 21.51 16.62 9.93 0 24.94 25.32 32.93 14.8 12.49 11.67 22.62 10.72 31.78 29.33 17.43 10.69 23.58 26.22 19.38 42.76 11.9 19.41 
82.23 19.66 29.22 26.53 17.46 35.07 33.07 13.86 14.56 17.84 21.84 22.45 40.29 12.08 18.49 9.96 31.21 24.94 0 11.63 28.68 24.35 15.66 17.17 24.77 15.25 30.09 4.7 25.08 15.59 39.78 13.9 15.1 22.45 32.12 6.91 
81.99 25.75 39.29 32.19 11.06 35.79 35.99 23.79 11.1 10.93 22.76 28.44 42.61 15.62 8.75 17.15 34.11 25.32 11.63 0 17.08 30.86 21.48 14.01 33.74 14.74 40.44 14.8 26.79 14.68 45.48 14.4 7.19 17.51 35.6 15.45 
83.09 38.73 54.71 44.01 27.97 41.7 44.5 39.68 21.21 18.72 31.66 40.98 49.66 29 12.55 32.24 42.85 32.93 28.68 17.08 0 43.6 34.95 22.35 48.38 25.35 56.09 31.76 35.51 24.95 56.18 14.85 16.19 23.67 44.78 31.43 
61.97 5.12 15.25 11.99 27.97 18.26 12.59 13.05 22.42 40.76 13.73 16.47 19.25 15.31 31.09 14.56 11.43 14.8 24.35 30.86 43.6 0 9.39 21.44 8.21 18.25 17.22 27.15 11.96 18.66 15.45 32.63 27.72 46.33 10.87 17.45 
67.52 4.29 20.45 11.06 19.29 20.86 17.69 9.02 13.82 31.41 9.75 7.08 24.96 6.06 22.4 5.71 15.9 12.49 15.66 21.48 34.95 9.39 0 13.6 13.6 10.07 22.11 19.16 11.18 10.57 24.46 23.29 18.82 37.12 16.58 8.85 
68.01 16.82 34.06 21.68 19.54 21.93 23 20.83 13.18 24.88 9.64 18.82 29.13 8.68 10.15 13.33 21.2 11.67 17.17 14.01 22.35 21.44 13.6 0 27.16 13.89 35.7 21.87 13.7 14.42 33.99 14.67 7.72 31.51 22.96 14.5 
68.12 10.7 7.26 10.75 28.12 26.31 20.24 11.04 27.39 42.42 21.05 9.94 26.2 19.4 35.88 16.6 19.34 22.62 24.77 33.74 48.38 8.21 13.6 27.16 0 23.65 9.16 26.23 19.94 24.15 18.65 35.79 32.2 47.21 18.41 18.56 
68.08 13.46 30.51 18.77 18.09 21.26 21.29 17.34 4.28 25.64 8.03 15.64 27.88 5.21 12.87 9.96 19.43 10.72 15.25 14.74 25.35 18.25 10.07 13.89 23.65 0 32.13 19.91 12.05 10.96 31.52 15.89 9.74 32.09 21 11.51 
73.91 19.73 16.42 19.46 32.94 34.89 28.47 16.65 35.56 47.88 30.17 19.1 33.6 27.46 43.77 23.84 27.85 31.78 30.09 40.44 56.09 17.22 22.11 35.7 9.16 32.13 0 30.23 29.09 32.65 23.49 42.63 39.98 51.85 26.62 25 
86.36 22.83 29.65 29.59 20.91 39.26 36.83 15.23 19.23 18.29 26.21 25.54 44.09 16.41 22.53 13.51 35 29.33 4.7 14.8 31.76 27.15 19.16 21.87 26.23 19.91 30.23 0 29.25 20.26 42.55 16.95 19.37 21.63 35.74 10.36 
57.15 10.24 27.14 10.51 28.48 10.01 9.32 19.92 16.02 37.67 19.08 10.02 15.85 13.04 23.78 16.04 7.5 17.43 25.08 26.79 35.51 11.96 11.18 13.7 19.94 12.05 29.09 29.25 0 12.14 20.76 27.9 21.34 44.06 9.3 19.04 
67.95 13.91 31.01 19.12 18.36 21.22 21.42 17.87 13.85 25.6 8.09 16.04 27.93 5.75 12.51 10.49 19.56 10.69 15.59 14.68 24.95 18.66 10.57 14.42 24.15 10.96 32.65 20.26 12.14 0 31.79 15.76 9.46 32.08 21.17 11.99 
50.41 20.23 21.84 13.41 43.41 18.79 12.81 27.92 35.79 55.79 24.52 17.41 13.03 29.91 44.13 29.93 13.95 23.58 39.78 45.48 56.18 15.45 24.46 33.99 18.65 31.52 23.49 42.55 20.76 31.79 0 47.03 41.25 61.58 11.84 32.88 
82.36 27.52 41.45 33.84 13.18 36.59 37.17 25.98 11.94 10.36 23.83 30.16 43.63 17.33 7.71 19.19 35.31 26.22 13.9 14.4 14.85 32.63 23.29 14.67 35.79 15.89 42.63 16.95 27.9 15.76 47.03 0 7.22 17.08 36.87 17.63 
75.15 22.73 38.56 28.45 16.11 29.58 30.65 23.78 5.46 17.57 17.25 25.13 36.84 12.82 14.13 16.19 28.83 19.38 15.1 7.19 16.19 27.72 18.82 7.72 32.2 9.74 39.98 19.37 21.34 9.46 41.25 7.22 0 24.29 30.53 15.8 
99.42 41.37 51.22 48.17 19.11 53.27 53.11 36.22 28.61 6.73 40.1 44.18 59.92 31.92 24.21 31.78 51.21 42.76 22.45 17.51 23.67 46.33 37.12 31.51 47.21 32.09 51.85 21.63 44.06 32.08 61.58 17.08 24.29 0 52.54 29.06 
51.45 13.24 24.64 7.89 35.7 8.52 15.28 23.28 25.13 46.34 13.32 10.99 8.59 20.71 33.07 22.26 15.56 11.9 32.12 35.6 44.78 10.87 16.58 22.96 18.41 21 26.62 35.74 9.3 21.17 11.84 36.87 30.53 52.54 0 25.42 
76.05 12.76 23.85 19.62 10.55 29.03 26.47 8.36 12.82 23.91 16.31 15.55 33.73 6.79 19.62 11.57 24.64 19.41 6.91 15.45 31.43 17.45 8.85 14.5 18.56 11.51 25 10.36 19.04 11.99 32.88 17.63 15.8 29.06 25.42 0 
0	5000
0	111
0	134
0	154
0	214
0	328
0	343
0	389
0	421
0	455
0	547
0	582
0	626
0	674
0	699
0	727
0	755
0	769
0	809
0	828
0	866
0	945
0	960
0	982
0	1018
0	1047
0	1083
0	1115
0	1145
0	1157
0	1189
0	1236
0	1243
0	1267
0	1320
0	1345
C:
0 3 3 3 3 3 3 3 3 3 3 3 3 3 3 3 3 3 3 3 3 3 3 3 3 3 3 3 3 3 3 3 3 3 3 3 3 
1 0 1 1 1 1 1 1 1 1 1 1 1 1 1 1 1 1 1 1 1 1 1 1 1 1 1 1 1 1 1 1 1 1 1 1 1 
3 3 0 3 3 3 3 3 3 3 3 3 3 3 3 3 3 3 3 3 3 3 3 3 3 3 3 3 3 3 3 3 3 3 3 3 3 
2 2 2 0 2 2 2 2 2 2 2 2 2 2 2 2 2 2 2 2 2 2 2 2 2 2 2 2 2 2 2 2 2 2 2 2 2 
1 1 1 1 0 1 1 1 1 1 1 1 1 1 1 1 1 1 1 1 1 1 1 1 1 1 1 1 1 1 1 1 1 1 1 1 1 
2 2 2 2 2 0 2 2 2 2 2 2 2 2 2 2 2 2 2 2 2 2 2 2 2 2 2 2 2 2 2 2 2 2 2 2 2 
2 2 2 2 2 2 0 2 2 2 2 2 2 2 2 2 2 2 2 2 2 2 2 2 2 2 2 2 2 2 2 2 2 2 2 2 2 
1 1 1 1 1 1 1 0 1 1 1 1 1 1 1 1 1 1 1 1 1 1 1 1 1 1 1 1 1 1 1 1 1 1 1 1 1 
1 1 1 1 1 1 1 1 0 1 1 1 1 1 1 1 1 1 1 1 1 1 1 1 1 1 1 1 1 1 1 1 1 1 1 1 1 
3 3 3 3 3 3 3 3 3 0 3 3 3 3 3 3 3 3 3 3 3 3 3 3 3 3 3 3 3 3 3 3 3 3 3 3 3 
1 1 1 1 1 1 1 1 1 1 0 1 1 1 1 1 1 1 1 1 1 1 1 1 1 1 1 1 1 1 1 1 1 1 1 1 1 
1 1 1 1 1 1 1 1 1 1 1 0 1 1 1 1 1 1 1 1 1 1 1 1 1 1 1 1 1 1 1 1 1 1 1 1 1 
3 3 3 3 3 3 3 3 3 3 3 3 0 3 3 3 3 3 3 3 3 3 3 3 3 3 3 3 3 3 3 3 3 3 3 3 3 
1 1 1 1 1 1 1 1 1 1 1 1 1 0 1 1 1 1 1 1 1 1 1 1 1 1 1 1 1 1 1 1 1 1 1 1 1 
2 2 2 2 2 2 2 2 2 2 2 2 2 2 0 2 2 2 2 2 2 2 2 2 2 2 2 2 2 2 2 2 2 2 2 2 2 
1 1 1 1 1 1 1 1 1 1 1 1 1 1 1 0 1 1 1 1 1 1 1 1 1 1 1 1 1 1 1 1 1 1 1 1 1 
2 2 2 2 2 2 2 2 2 2 2 2 2 2 2 2 0 2 2 2 2 2 2 2 2 2 2 2 2 2 2 2 2 2 2 2 2 
1 1 1 1 1 1 1 1 1 1 1 1 1 1 1 1 1 0 1 1 1 1 1 1 1 1 1 1 1 1 1 1 1 1 1 1 1 
1 1 1 1 1 1 1 1 1 1 1 1 1 1 1 1 1 1 0 1 1 1 1 1 1 1 1 1 1 1 1 1 1 1 1 1 1 
2 2 2 2 2 2 2 2 2 2 2 2 2 2 2 2 2 2 2 0 2 2 2 2 2 2 2 2 2 2 2 2 2 2 2 2 2 
3 3 3 3 3 3 3 3 3 3 3 3 3 3 3 3 3 3 3 3 0 3 3 3 3 3 3 3 3 3 3 3 3 3 3 3 3 
2 2 2 2 2 2 2 2 2 2 2 2 2 2 2 2 2 2 2 2 2 0 2 2 2 2 2 2 2 2 2 2 2 2 2 2 2 
1 1 1 1 1 1 1 1 1 1 1 1 1 1 1 1 1 1 1 1 1 1 0 1 1 1 1 1 1 1 1 1 1 1 1 1 1 
1 1 1 1 1 1 1 1 1 1 1 1 1 1 1 1 1 1 1 1 1 1 1 0 1 1 1 1 1 1 1 1 1 1 1 1 1 
2 2 2 2 2 2 2 2 2 2 2 2 2 2 2 2 2 2 2 2 2 2 2 2 0 2 2 2 2 2 2 2 2 2 2 2 2 
1 1 1 1 1 1 1 1 1 1 1 1 1 1 1 1 1 1 1 1 1 1 1 1 1 0 1 1 1 1 1 1 1 1 1 1 1 
3 3 3 3 3 3 3 3 3 3 3 3 3 3 3 3 3 3 3 3 3 3 3 3 3 3 0 3 3 3 3 3 3 3 3 3 3 
2 2 2 2 2 2 2 2 2 2 2 2 2 2 2 2 2 2 2 2 2 2 2 2 2 2 2 0 2 2 2 2 2 2 2 2 2 
1 1 1 1 1 1 1 1 1 1 1 1 1 1 1 1 1 1 1 1 1 1 1 1 1 1 1 1 0 1 1 1 1 1 1 1 1 
1 1 1 1 1 1 1 1 1 1 1 1 1 1 1 1 1 1 1 1 1 1 1 1 1 1 1 1 1 0 1 1 1 1 1 1 1 
3 3 3 3 3 3 3 3 3 3 3 3 3 3 3 3 3 3 3 3 3 3 3 3 3 3 3 3 3 3 0 3 3 3 3 3 3 
2 2 2 2 2 2 2 2 2 2 2 2 2 2 2 2 2 2 2 2 2 2 2 2 2 2 2 2 2 2 2 0 2 2 2 2 2 
1 1 1 1 1 1 1 1 1 1 1 1 1 1 1 1 1 1 1 1 1 1 1 1 1 1 1 1 1 1 1 1 0 1 1 1 1 
3 3 3 3 3 3 3 3 3 3 3 3 3 3 3 3 3 3 3 3 3 3 3 3 3 3 3 3 3 3 3 3 3 0 3 3 3 
2 2 2 2 2 2 2 2 2 2 2 2 2 2 2 2 2 2 2 2 2 2 2 2 2 2 2 2 2 2 2 2 2 2 0 2 2 
1 1 1 1 1 1 1 1 1 1 1 1 1 1 1 1 1 1 1 1 1 1 1 1 1 1 1 1 1 1 1 1 1 1 1 0 1 
3 3 3 3 3 3 3 3 3 3 3 3 3 3 3 3 3 3 3 3 3 3 3 3 3 3 3 3 3 3 3 3 3 3 3 3 0 
Time:
0	15
15	30
30	45
45	60
60	75
75	90
90	105
105	120
120	135
135	150
150	165
165	180
180	195
195	210
210	225
225	240
240	255
255	270
270	285
285	300
300	315
315	330
330	345
345	360
360	375
375	390
390	405
405	420
420	435
435	450
450	465
465	480
480	495
495	510
510	525
525	540
540	555
555	570
570	585
585	600
600	615
615	630
630	645
645	660
660	675
675	690
690	705
705	720
720	735
735	750
750	765
765	780
780	795
795	810
810	825
825	840
840	855
855	870
870	885
885	900
900	915
915	930
930	945
945	960
960	975
975	990
990	1005
1005	1020
1020	1035
1035	1050
1050	1065
1065	1080
1080	5000
Speed:
0.925	0.85	0.925	1	0.8325	0.765	0.8325	0.9	0.4625	0.425	0.4625	0.5	0.30525	0.2805	0.30525	0.33	0.37	0.34	0.37	0.4	0.555	0.51	0.555	0.6	0.6475	0.595	0.6475	0.7	0.37	0.34	0.37	0.4	0.30525	0.2805	0.30525	0.33	0.4625	0.425	0.4625	0.5	0.6475	0.595	0.6475	0.7	0.74	0.68	0.74	0.8	0.6475	0.595	0.6475	0.7	0.4625	0.425	0.4625	0.5	0.555	0.51	0.555	0.6	0.6475	0.595	0.6475	0.7	0.8325	0.765	0.8325	0.9	0.925	0.85	0.925	1	1	
0.925	0.85	0.925	1	0.8325	0.765	0.8325	0.9	0.4625	0.425	0.4625	0.5	0.30525	0.2805	0.30525	0.33	0.37	0.34	0.37	0.4	0.555	0.51	0.555	0.6	0.6475	0.595	0.6475	0.7	0.37	0.34	0.37	0.4	0.30525	0.2805	0.30525	0.33	0.4625	0.425	0.4625	0.5	0.6475	0.595	0.6475	0.7	0.74	0.68	0.74	0.8	0.6475	0.595	0.6475	0.7	0.4625	0.425	0.4625	0.5	0.555	0.51	0.555	0.6	0.6475	0.595	0.6475	0.7	0.8325	0.765	0.8325	0.9	0.925	0.85	0.925	1	1	
0.925	0.85	0.925	1	0.8325	0.765	0.8325	0.9	0.4625	0.425	0.4625	0.5	0.30525	0.2805	0.30525	0.33	0.37	0.34	0.37	0.4	0.555	0.51	0.555	0.6	0.6475	0.595	0.6475	0.7	0.37	0.34	0.37	0.4	0.30525	0.2805	0.30525	0.33	0.4625	0.425	0.4625	0.5	0.6475	0.595	0.6475	0.7	0.74	0.68	0.74	0.8	0.6475	0.595	0.6475	0.7	0.4625	0.425	0.4625	0.5	0.555	0.51	0.555	0.6	0.6475	0.595	0.6475	0.7	0.8325	0.765	0.8325	0.9	0.925	0.85	0.925	1	1	
