41
0 91.05 72.58 83.9 64.21 88.98 83.15 72.62 53.36 49.82 65.61 79.23 72.9 95.14 81.29 51.88 69.47 73.09 92.53 73.24 77.14 68.05 70.71 71.52 69.01 65.83 77.08 57.82 92.85 93.75 61.1 41.11 83.6 46.4 68.62 66.42 67.22 79.93 52.87 50.09 72.56 
91.05 0 25.69 8.06 26.85 5.8 8.52 29.38 43.04 43.74 30.03 24.77 25.52 8.16 11.25 41.46 23.67 19.17 13.34 21.87 15.02 40.51 23.8 31.86 22.04 37.62 14.04 33.24 18.54 4.98 32.19 54.02 8.82 51.81 22.61 38.75 23.84 23.57 51.43 41.61 24.32 
72.58 25.69 0 17.88 17.48 27.81 22.51 4.52 19.84 22.76 7.03 36.45 9.01 33.31 14.76 20.74 24.38 21.93 35.79 4.76 12.29 15.19 26.72 6.79 16.3 11.93 15.93 20.08 39.86 30.41 12.19 32.12 16.98 28.33 18.39 13.12 15.96 35.81 26.29 23.46 29.88 
83.9 8.06 17.88 0 20 10.23 6.63 21.81 35.02 35.9 21.97 24.77 17.73 15.43 12.92 33.62 19.13 14.56 18.58 13.85 7.05 32.92 20.06 24.3 15.32 29.79 7.17 26.18 23.24 12.56 24.25 46.15 13.61 43.79 16.38 30.99 16.92 23.74 43.39 34.08 21.67 
64.21 26.85 17.48 20 0 25.12 19.08 21.3 20.8 19.1 13.8 23.38 17.69 31.42 17.82 17.01 9.41 10.33 30.29 14.24 13.9 28.59 11.95 22.7 4.81 23.83 12.95 6.45 32.38 29.71 10.68 29.01 19.87 28.57 4.84 25.55 15.86 23.22 31.35 15.53 15.38 
88.98 5.8 27.81 10.23 25.12 0 6.18 31.91 43.31 43.28 30.99 19.16 27.69 6.32 13.12 41.02 20.11 15.99 8.43 23.45 15.87 42.97 19.73 34.38 20.43 39.59 13.45 31.56 13.36 4.96 32.18 53.52 11.23 51.95 20.46 40.89 22.33 17.95 52.46 40.49 19.65 
83.15 8.52 22.51 6.63 19.08 6.18 0 26.81 37.18 37.09 25.07 18.29 22.43 12.5 8.53 34.84 15.15 10.67 13.34 17.94 10.25 37.69 15.36 29.24 14.33 34.05 7.35 25.53 17.41 10.63 26.03 47.34 7.55 45.79 14.53 35.43 16.22 17.22 46.47 34.36 16.21 
72.62 29.38 4.52 21.81 21.3 31.91 26.81 0 19.3 23.14 8.74 40.95 4.5 37.21 18.79 21.37 28.7 26.41 40.03 9.26 16.68 11.13 31.09 11.31 20.6 8.77 20.4 23.01 44.21 34.22 14.17 31.66 20.87 27.2 22.67 9.56 20.09 40.32 23.97 24.83 34.3 
53.36 43.04 19.84 35.02 20.8 43.31 37.18 19.3 0 5.51 13.42 44.09 20.14 49.52 31.9 5.51 30.13 30.82 49.9 21.82 28.03 16.59 32.61 18.19 24.16 13.03 29.86 16.64 52.67 47.11 11.17 12.38 34.37 8.78 25.26 14.07 22.39 43.99 10.76 10.35 35.97 
49.82 43.74 22.76 35.9 19.1 43.28 37.09 23.14 5.51 0 15.8 41.67 23.08 49.58 32.93 10.31 27.94 29.42 49.2 23.72 28.85 21.93 30.28 22.45 23.19 18.04 29.98 13.7 51.47 47.44 11.74 10.28 35.38 9.73 23.87 19.25 21.3 41.71 14.87 5.42 33.49 
65.61 30.03 7.03 21.97 13.8 30.99 25.07 8.74 13.42 15.8 0 35.83 7.35 36.98 18.79 13.73 22.44 21.3 38.29 8.42 15.2 14.87 24.98 9.39 14.64 10.23 17.78 14.41 41.73 34.37 5.45 25.43 21.25 22.15 16.47 11.91 13.51 35.41 21.5 16.5 28.38 
79.23 24.77 36.45 24.77 23.38 19.16 18.29 40.95 44.09 41.67 35.83 0 36.5 22.34 25.8 39.81 13.98 14.64 16.41 31.77 25.33 50.49 11.48 43.04 21.19 46.02 21.32 27.96 14.44 23.29 33.93 50.72 25.58 51.38 19.47 47.67 22.5 16.46 54.71 37.07 8.17 
72.9 25.52 9.01 17.73 17.69 27.69 22.43 4.5 20.14 23.08 7.35 36.5 0 33.17 14.62 21.06 24.51 22.01 35.7 4.77 12.23 15.29 26.83 6.83 16.44 12.1 15.91 20.35 39.8 30.26 12.5 32.43 16.83 28.62 18.54 13.26 16.13 35.86 26.53 23.78 29.98 
95.14 8.16 33.31 15.43 31.42 6.32 12.5 37.21 49.52 49.58 36.98 22.34 33.17 0 18.57 47.33 25.95 22.05 6.94 29.17 21.79 48.33 25.25 39.69 26.75 45.21 19.68 37.86 11.97 11.29 38.42 59.83 16.35 58.18 26.73 46.43 28.65 21.12 58.48 46.81 24.64 
81.29 11.25 14.76 12.92 17.82 13.12 8.53 18.79 31.9 32.93 18.79 25.8 14.62 18.57 0 30.65 18.35 13.98 21.33 10.66 18.34 29.87 19.66 21.27 13.35 26.64 5.75 23.78 25.77 15.74 21.23 43.15 12.98 40.68 14.71 27.87 14.76 24.85 40.19 31.32 21.71 
51.88 41.46 20.74 33.62 17.01 41.02 34.84 21.37 5.51 10.31 13.73 39.81 21.06 47.33 30.65 0 25.99 27.31 47.01 21.52 26.57 21.1 28.38 20.85 21 16.93 27.71 11.9 49.36 45.17 9.49 12.56 33.11 11.6 21.75 18.27 19.12 39.82 15.87 4.89 31.64 
69.47 23.67 24.38 19.13 9.41 20.11 15.15 28.7 30.13 27.94 22.44 13.98 24.51 25.95 18.35 25.99 0 4.61 23.13 20.09 15.83 37.29 10.31 30.51 8.1 32.66 12.61 14.32 24.23 25.06 20.03 37.39 19.48 37.6 6.06 34.35 8.93 13.87 40.73 23.67 6.01 
73.09 19.17 21.93 14.56 10.33 15.99 10.67 26.41 30.82 29.42 21.3 14.64 22.01 22.05 13.98 27.31 4.61 0 20.1 17.35 11.92 35.86 5.7 28.44 6.82 31.44 8.33 16.4 22.05 20.88 20.01 39.31 14.95 38.83 5.58 33.07 8.45 14.14 41.11 25.73 8.21 
92.53 13.34 35.79 18.58 30.29 8.43 13.34 40.03 49.9 49.2 38.29 16.41 35.7 6.94 21.33 47.01 23.13 20.1 0 31.26 23.58 50.98 21.83 42.47 26.02 47.39 20.51 36.49 5.25 9.32 38.75 59.27 19.59 58.32 25.45 48.76 27.9 15.24 59.55 45.79 20.39 
73.24 21.87 4.76 13.85 14.24 23.45 17.94 9.26 21.82 23.72 8.42 31.77 4.77 29.17 10.66 21.52 20.09 17.35 31.26 0 7.68 19.79 22.34 11.53 12.17 16.15 11.2 18.11 35.21 26.4 12.14 33.65 13.05 30.57 14.26 17.5 12.18 31.11 29.58 23.32 25.4 
77.14 15.02 12.29 7.05 13.9 15.87 10.25 16.68 28.03 28.85 15.2 25.33 12.23 21.79 18.34 26.57 15.83 11.92 23.58 7.68 0 27.45 17.54 19.06 9.69 23.81 13.78 19.7 27.57 19.18 17.2 39.1 6.55 36.79 11.32 25.18 10.9 24.53 36.7 27.17 20.08 
68.05 40.51 15.19 32.92 28.59 42.97 37.69 11.13 16.59 21.93 14.87 50.49 15.29 48.33 29.87 21.1 37.29 35.86 50.98 19.79 27.45 0 39.82 8.65 29.39 4.84 30.93 27.93 55 45.35 18.61 27.35 31.99 21.68 31.29 15.85 28.36 50 15.84 25.77 43.21 
70.71 23.8 26.72 20.06 11.95 19.73 15.36 31.09 32.61 30.28 24.98 11.48 26.83 25.25 19.66 28.38 10.31 5.7 21.83 22.34 17.54 39.82 0 32.94 10.53 35.2 14.02 16.6 22.46 24.68 22.59 39.58 20.53 39.97 8.54 36.89 11.47 11.44 43.24 25.86 13.9 
71.52 31.86 6.79 24.3 22.7 34.38 29.24 11.31 18.19 22.45 9.39 43.04 6.83 39.69 21.27 20.85 30.51 28.44 42.47 11.53 19.06 8.65 32.94 0 22.42 6.62 22.72 23.8 46.61 36.7 14.61 30.44 23.35 25.7 24.45 7.21 21.75 42.45 21.96 24.66 36.21 
69.01 22.04 16.3 15.32 4.81 20.43 14.33 20.6 24.16 23.19 14.64 21.19 16.44 26.75 13.35 21 8.1 6.82 26.02 12.17 9.69 29.39 10.53 22.42 0 24.85 8.2 11.23 28.52 24.95 13.22 33.31 15.27 32.37 9.64 26.51 15.26 20.81 34.33 20.07 13.85 
65.83 37.62 11.93 29.79 23.83 39.59 34.05 8.77 13.03 18.04 10.23 46.02 12.1 45.21 26.64 16.93 32.66 31.44 47.39 16.15 23.81 4.84 35.2 6.62 24.85 0 27.05 23.1 51.19 42.33 13.77 24.75 28.9 19.59 26.7 13.83 23.73 45.58 15.34 21.42 38.6 
77.08 14.04 15.93 7.17 12.95 13.45 7.35 20.4 29.86 29.98 17.78 21.32 15.91 19.68 5.75 27.71 12.61 8.33 20.51 11.2 13.78 30.93 14.02 22.72 8.2 27.05 0 19.26 24.14 17.46 18.73 40.26 7.23 38.5 9.22 28.51 9.89 20.52 39.13 27.6 16.32 
57.82 33.24 20.08 26.18 6.45 31.56 25.53 23.01 16.64 13.7 14.41 27.96 20.35 37.86 23.78 11.9 14.32 16.4 36.49 18.11 19.7 27.93 16.6 23.8 11.23 23.1 19.26 0 38.27 36.16 9.42 23.09 25.97 23.42 11.16 24.79 9.41 28.02 27.39 9.39 19.79 
92.85 18.54 39.86 23.24 32.38 13.36 17.41 44.21 52.67 51.47 41.73 14.44 39.8 11.97 25.77 49.36 24.23 22.05 5.25 35.21 27.57 55 22.46 46.61 28.52 51.19 24.14 38.27 0 14.54 41.62 61.32 24.25 60.85 27.61 52.64 30.33 13.45 62.65 47.66 20.3 
93.75 4.98 30.41 12.56 29.71 4.96 10.63 34.22 47.11 47.44 34.37 23.29 30.26 11.29 15.74 45.17 25.06 20.88 9.32 26.4 19.18 45.35 24.68 36.7 24.95 42.33 17.46 36.16 14.54 0 36.09 57.71 13.43 55.83 25.15 43.51 26.83 22.06 55.85 44.92 24.51 
61.1 32.19 12.19 24.25 10.68 32.18 26.03 14.17 11.17 11.74 5.45 33.93 12.5 38.42 21.23 9.49 20.03 20.01 38.75 12.14 17.2 18.61 22.59 14.61 13.22 13.77 18.73 9.42 41.62 36.09 0 21.93 23.7 19.77 14.58 15.49 11.59 33.69 21.11 11.34 26.03 
41.11 54.02 32.12 46.15 29.01 53.52 47.34 31.66 12.38 10.28 25.43 50.72 32.43 59.83 43.15 12.56 37.39 39.31 59.27 33.65 39.1 27.35 39.58 30.44 33.31 24.75 40.26 23.09 61.32 57.71 21.93 0 45.62 6.09 33.84 25.44 31.41 50.89 14.02 13.72 42.61 
83.6 8.82 16.98 13.61 19.87 11.23 7.55 20.87 34.37 35.38 21.25 25.58 16.83 16.35 12.98 33.11 19.48 14.95 19.59 13.05 6.55 31.99 20.53 23.35 15.27 28.9 7.23 25.97 24.25 13.43 23.7 45.62 0 43.15 16.44 30.09 16.8 24.57 42.61 33.7 22.25 
46.4 51.81 28.33 43.79 28.57 51.95 45.79 27.2 8.78 9.73 22.15 51.38 28.62 58.18 40.68 11.6 37.6 38.83 58.32 30.57 36.79 21.68 39.97 25.7 32.37 19.59 38.5 23.42 60.85 55.83 19.77 6.09 43.15 0 33.25 20.05 30.53 51.41 8 14.79 43.21 
68.62 22.61 18.39 16.38 4.84 20.46 14.53 22.67 25.26 23.87 16.47 19.47 18.54 26.73 14.71 21.75 6.06 5.58 25.45 14.26 11.32 31.29 8.54 24.45 9.64 26.7 9.22 11.16 27.61 25.15 14.58 33.84 16.44 33.25 0 28.38 14.02 19.16 35.62 20.35 11.92 
66.42 38.75 13.12 30.99 25.55 40.89 35.43 9.56 14.07 19.25 11.91 47.67 13.26 46.43 27.87 18.27 34.35 33.07 48.76 17.5 25.18 15.85 36.89 7.21 26.51 13.83 28.51 24.79 52.64 43.51 15.49 25.44 30.09 20.05 28.38 0 25.42 47.21 15.16 22.85 40.29 
67.22 23.84 15.96 16.92 15.86 22.33 16.22 20.09 22.39 21.3 13.51 22.5 16.13 28.65 14.76 19.12 8.93 8.45 27.9 12.18 10.9 28.36 11.47 21.75 15.26 23.73 9.89 9.41 30.33 26.83 11.59 31.41 16.8 30.53 14.02 25.42 0 22.19 32.66 18.17 14.88 
79.93 23.57 35.81 23.74 23.22 17.95 17.22 40.32 43.99 41.71 35.41 16.46 35.86 21.12 24.85 39.82 13.87 14.14 15.24 31.11 24.53 50 11.44 42.45 20.81 45.58 20.52 28.02 13.45 22.06 33.69 50.89 24.57 51.41 19.16 47.21 22.19 0 54.57 37.21 8.28 
52.87 51.43 26.29 43.39 31.35 52.46 46.47 23.97 10.76 14.87 21.5 54.71 26.53 58.48 40.19 15.87 40.73 41.11 59.55 29.58 36.7 15.84 43.24 21.96 34.33 15.34 39.13 27.39 62.65 55.85 21.11 14.02 42.61 8 35.62 15.16 32.66 54.57 0 20.28 46.63 
50.09 41.61 23.46 34.08 15.53 40.49 34.36 24.83 10.35 5.42 16.5 37.07 23.78 46.81 31.32 4.89 23.67 25.73 45.79 23.32 27.17 25.77 25.86 24.66 20.07 21.42 27.6 9.39 47.66 44.92 11.34 13.72 33.7 14.79 20.35 22.85 18.17 37.21 20.28 0 28.93 
72.56 24.32 29.88 21.67 15.38 19.65 16.21 34.3 35.97 33.49 28.38 8.17 29.98 24.64 21.71 31.64 6.01 8.21 20.39 25.4 20.08 43.21 13.9 36.21 13.85 38.6 16.32 19.79 20.3 24.51 26.03 42.61 22.25 43.21 11.92 40.29 14.88 8.28 46.63 28.93 0 
0	5000
0	144
0	186
0	225
0	289
0	351
0	363
0	409
0	440
0	449
0	481
0	587
0	659
0	708
0	735
0	777
0	817
0	826
0	870
0	928
0	941
0	985
0	1036
0	1073
0	1099
0	1124
0	1151
0	1170
0	1209
0	1223
0	1259
0	1281
0	1327
0	1370
0	1403
0	1432
0	1457
0	1479
0	1534
0	1554
0	1583
C:
0 3 3 3 3 3 3 3 3 3 3 3 3 3 3 3 3 3 3 3 3 3 3 3 3 3 3 3 3 3 3 3 3 3 3 3 3 3 3 3 3 3 
2 0 2 2 2 2 2 2 2 2 2 2 2 2 2 2 2 2 2 2 2 2 2 2 2 2 2 2 2 2 2 2 2 2 2 2 2 2 2 2 2 2 
1 1 0 1 1 1 1 1 1 1 1 1 1 1 1 1 1 1 1 1 1 1 1 1 1 1 1 1 1 1 1 1 1 1 1 1 1 1 1 1 1 1 
1 1 1 0 1 1 1 1 1 1 1 1 1 1 1 1 1 1 1 1 1 1 1 1 1 1 1 1 1 1 1 1 1 1 1 1 1 1 1 1 1 1 
1 1 1 1 0 1 1 1 1 1 1 1 1 1 1 1 1 1 1 1 1 1 1 1 1 1 1 1 1 1 1 1 1 1 1 1 1 1 1 1 1 1 
2 2 2 2 2 0 2 2 2 2 2 2 2 2 2 2 2 2 2 2 2 2 2 2 2 2 2 2 2 2 2 2 2 2 2 2 2 2 2 2 2 2 
1 1 1 1 1 1 0 1 1 1 1 1 1 1 1 1 1 1 1 1 1 1 1 1 1 1 1 1 1 1 1 1 1 1 1 1 1 1 1 1 1 1 
2 2 2 2 2 2 2 0 2 2 2 2 2 2 2 2 2 2 2 2 2 2 2 2 2 2 2 2 2 2 2 2 2 2 2 2 2 2 2 2 2 2 
2 2 2 2 2 2 2 2 0 2 2 2 2 2 2 2 2 2 2 2 2 2 2 2 2 2 2 2 2 2 2 2 2 2 2 2 2 2 2 2 2 2 
2 2 2 2 2 2 2 2 2 0 2 2 2 2 2 2 2 2 2 2 2 2 2 2 2 2 2 2 2 2 2 2 2 2 2 2 2 2 2 2 2 2 
1 1 1 1 1 1 1 1 1 1 0 1 1 1 1 1 1 1 1 1 1 1 1 1 1 1 1 1 1 1 1 1 1 1 1 1 1 1 1 1 1 1 
2 2 2 2 2 2 2 2 2 2 2 0 2 2 2 2 2 2 2 2 2 2 2 2 2 2 2 2 2 2 2 2 2 2 2 2 2 2 2 2 2 2 
1 1 1 1 1 1 1 1 1 1 1 1 0 1 1 1 1 1 1 1 1 1 1 1 1 1 1 1 1 1 1 1 1 1 1 1 1 1 1 1 1 1 
3 3 3 3 3 3 3 3 3 3 3 3 3 0 3 3 3 3 3 3 3 3 3 3 3 3 3 3 3 3 3 3 3 3 3 3 3 3 3 3 3 3 
1 1 1 1 1 1 1 1 1 1 1 1 1 1 0 1 1 1 1 1 1 1 1 1 1 1 1 1 1 1 1 1 1 1 1 1 1 1 1 1 1 1 
2 2 2 2 2 2 2 2 2 2 2 2 2 2 2 0 2 2 2 2 2 2 2 2 2 2 2 2 2 2 2 2 2 2 2 2 2 2 2 2 2 2 
1 1 1 1 1 1 1 1 1 1 1 1 1 1 1 1 0 1 1 1 1 1 1 1 1 1 1 1 1 1 1 1 1 1 1 1 1 1 1 1 1 1 
1 1 1 1 1 1 1 1 1 1 1 1 1 1 1 1 1 0 1 1 1 1 1 1 1 1 1 1 1 1 1 1 1 1 1 1 1 1 1 1 1 1 
3 3 3 3 3 3 3 3 3 3 3 3 3 3 3 3 3 3 0 3 3 3 3 3 3 3 3 3 3 3 3 3 3 3 3 3 3 3 3 3 3 3 
1 1 1 1 1 1 1 1 1 1 1 1 1 1 1 1 1 1 1 0 1 1 1 1 1 1 1 1 1 1 1 1 1 1 1 1 1 1 1 1 1 1 
1 1 1 1 1 1 1 1 1 1 1 1 1 1 1 1 1 1 1 1 0 1 1 1 1 1 1 1 1 1 1 1 1 1 1 1 1 1 1 1 1 1 
3 3 3 3 3 3 3 3 3 3 3 3 3 3 3 3 3 3 3 3 3 0 3 3 3 3 3 3 3 3 3 3 3 3 3 3 3 3 3 3 3 3 
1 1 1 1 1 1 1 1 1 1 1 1 1 1 1 1 1 1 1 1 1 1 0 1 1 1 1 1 1 1 1 1 1 1 1 1 1 1 1 1 1 1 
2 2 2 2 2 2 2 2 2 2 2 2 2 2 2 2 2 2 2 2 2 2 2 0 2 2 2 2 2 2 2 2 2 2 2 2 2 2 2 2 2 2 
1 1 1 1 1 1 1 1 1 1 1 1 1 1 1 1 1 1 1 1 1 1 1 1 0 1 1 1 1 1 1 1 1 1 1 1 1 1 1 1 1 1 
2 2 2 2 2 2 2 2 2 2 2 2 2 2 2 2 2 2 2 2 2 2 2 2 2 0 2 2 2 2 2 2 2 2 2 2 2 2 2 2 2 2 
1 1 1 1 1 1 1 1 1 1 1 1 1 1 1 1 1 1 1 1 1 1 1 1 1 1 0 1 1 1 1 1 1 1 1 1 1 1 1 1 1 1 
1 1 1 1 1 1 1 1 1 1 1 1 1 1 1 1 1 1 1 1 1 1 1 1 1 1 1 0 1 1 1 1 1 1 1 1 1 1 1 1 1 1 
3 3 3 3 3 3 3 3 3 3 3 3 3 3 3 3 3 3 3 3 3 3 3 3 3 3 3 3 0 3 3 3 3 3 3 3 3 3 3 3 3 3 
2 2 2 2 2 2 2 2 2 2 2 2 2 2 2 2 2 2 2 2 2 2 2 2 2 2 2 2 2 0 2 2 2 2 2 2 2 2 2 2 2 2 
1 1 1 1 1 1 1 1 1 1 1 1 1 1 1 1 1 1 1 1 1 1 1 1 1 1 1 1 1 1 0 1 1 1 1 1 1 1 1 1 1 1 
3 3 3 3 3 3 3 3 3 3 3 3 3 3 3 3 3 3 3 3 3 3 3 3 3 3 3 3 3 3 3 0 3 3 3 3 3 3 3 3 3 3 
1 1 1 1 1 1 1 1 1 1 1 1 1 1 1 1 1 1 1 1 1 1 1 1 1 1 1 1 1 1 1 1 0 1 1 1 1 1 1 1 1 1 
3 3 3 3 3 3 3 3 3 3 3 3 3 3 3 3 3 3 3 3 3 3 3 3 3 3 3 3 3 3 3 3 3 0 3 3 3 3 3 3 3 3 
1 1 1 1 1 1 1 1 1 1 1 1 1 1 1 1 1 1 1 1 1 1 1 1 1 1 1 1 1 1 1 1 1 1 0 1 1 1 1 1 1 1 
2 2 2 2 2 2 2 2 2 2 2 2 2 2 2 2 2 2 2 2 2 2 2 2 2 2 2 2 2 2 2 2 2 2 2 0 2 2 2 2 2 2 
1 1 1 1 1 1 1 1 1 1 1 1 1 1 1 1 1 1 1 1 1 1 1 1 1 1 1 1 1 1 1 1 1 1 1 1 0 1 1 1 1 1 
2 2 2 2 2 2 2 2 2 2 2 2 2 2 2 2 2 2 2 2 2 2 2 2 2 2 2 2 2 2 2 2 2 2 2 2 2 0 2 2 2 2 
3 3 3 3 3 3 3 3 3 3 3 3 3 3 3 3 3 3 3 3 3 3 3 3 3 3 3 3 3 3 3 3 3 3 3 3 3 3 0 3 3 3 
2 2 2 2 2 2 2 2 2 2 2 2 2 2 2 2 2 2 2 2 2 2 2 2 2 2 2 2 2 2 2 2 2 2 2 2 2 2 2 0 2 2 
2 2 2 2 2 2 2 2 2 2 2 2 2 2 2 2 2 2 2 2 2 2 2 2 2 2 2 2 2 2 2 2 2 2 2 2 2 2 2 2 0 2 
3 3 3 3 3 3 3 3 3 3 3 3 3 3 3 3 3 3 3 3 3 3 3 3 3 3 3 3 3 3 3 3 3 3 3 3 3 3 3 3 3 0 
Time:
0	15
15	30
30	45
45	60
60	75
75	90
90	105
105	120
120	135
135	150
150	165
165	180
180	195
195	210
210	225
225	240
240	255
255	270
270	285
285	300
300	315
315	330
330	345
345	360
360	375
375	390
390	405
405	420
420	435
435	450
450	465
465	480
480	495
495	510
510	525
525	540
540	555
555	570
570	585
585	600
600	615
615	630
630	645
645	660
660	675
675	690
690	705
705	720
720	735
735	750
750	765
765	780
780	795
795	810
810	825
825	840
840	855
855	870
870	885
885	900
900	915
915	930
930	945
945	960
960	975
975	990
990	1005
1005	1020
1020	1035
1035	1050
1050	1065
1065	1080
1080	5000
Speed:
0.925	0.85	0.925	1	0.8325	0.765	0.8325	0.9	0.4625	0.425	0.4625	0.5	0.30525	0.2805	0.30525	0.33	0.37	0.34	0.37	0.4	0.555	0.51	0.555	0.6	0.6475	0.595	0.6475	0.7	0.37	0.34	0.37	0.4	0.30525	0.2805	0.30525	0.33	0.4625	0.425	0.4625	0.5	0.6475	0.595	0.6475	0.7	0.74	0.68	0.74	0.8	0.6475	0.595	0.6475	0.7	0.4625	0.425	0.4625	0.5	0.555	0.51	0.555	0.6	0.6475	0.595	0.6475	0.7	0.8325	0.765	0.8325	0.9	0.925	0.85	0.925	1	1	
0.925	0.85	0.925	1	0.8325	0.765	0.8325	0.9	0.4625	0.425	0.4625	0.5	0.30525	0.2805	0.30525	0.33	0.37	0.34	0.37	0.4	0.555	0.51	0.555	0.6	0.6475	0.595	0.6475	0.7	0.37	0.34	0.37	0.4	0.30525	0.2805	0.30525	0.33	0.4625	0.425	0.4625	0.5	0.6475	0.595	0.6475	0.7	0.74	0.68	0.74	0.8	0.6475	0.595	0.6475	0.7	0.4625	0.425	0.4625	0.5	0.555	0.51	0.555	0.6	0.6475	0.595	0.6475	0.7	0.8325	0.765	0.8325	0.9	0.925	0.85	0.925	1	1	
0.925	0.85	0.925	1	0.8325	0.765	0.8325	0.9	0.4625	0.425	0.4625	0.5	0.30525	0.2805	0.30525	0.33	0.37	0.34	0.37	0.4	0.555	0.51	0.555	0.6	0.6475	0.595	0.6475	0.7	0.37	0.34	0.37	0.4	0.30525	0.2805	0.30525	0.33	0.4625	0.425	0.4625	0.5	0.6475	0.595	0.6475	0.7	0.74	0.68	0.74	0.8	0.6475	0.595	0.6475	0.7	0.4625	0.425	0.4625	0.5	0.555	0.51	0.555	0.6	0.6475	0.595	0.6475	0.7	0.8325	0.765	0.8325	0.9	0.925	0.85	0.925	1	1	
