41
0 55.82 79.58 71.56 71.64 73.25 71.01 70.52 83.98 73.66 93.1 87.62 70.47 95.08 72.97 69.82 74.37 74.19 55.79 71.4 50.56 83.09 101.65 81.37 49.85 83.62 49.67 67.81 66.18 49.8 69.71 85.68 89.94 48.44 93.84 57.3 72.32 74.9 79.99 73.77 48.23 
55.82 0 24.14 20.51 26.69 17.55 15.75 25.89 30.84 17.94 40.62 34.77 16.22 51.17 19.69 22.27 18.65 19.03 13.15 18.98 8.37 34.95 49.33 25.97 7.16 28.38 6.71 17.77 14.16 11.98 14.65 37.43 34.72 10.23 39.43 8.48 27.96 19.21 33.71 18.1 12.49 
79.58 24.14 0 13.49 22.31 9.67 8.57 22.57 10.71 6.52 19.28 13.98 9.75 37.1 17.71 18.67 8.93 5.47 24.33 11.52 29.25 21.2 27.28 12.69 29.73 4.32 30.77 16.06 21.01 33.99 14.29 22.52 10.6 31.45 15.84 22.97 23.29 8.85 22.99 6.21 35.11 
71.56 20.51 13.49 0 9.52 17.4 10.13 9.5 12.56 13.2 21.58 16.07 6.99 31.03 25.91 5.24 17.58 9.91 21.05 11.41 21.63 14.49 30.23 14.5 23.12 15.46 26.77 10.13 25.71 32.41 20 16.93 20.66 23.5 22.9 14.78 10.72 17.95 13.84 12.73 32.99 
71.64 26.69 22.31 9.52 0 26.91 19.57 9.29 17.35 22.72 23.5 19.44 16.37 25.22 35.32 4.82 27.1 19.38 27.35 12.1 24.85 11.54 31.16 22.95 26.97 23.25 31.99 9.7 34.54 38.55 29.25 14.08 27.16 26.15 27.46 18.96 10.95 27.47 8.4 22.25 38.81 
73.25 17.55 9.67 17.4 26.91 0 7.4 26.78 19.98 4.43 28.94 23.51 10.61 45.7 8.78 22.33 8.83 8.05 17.5 14.81 24.55 29.16 36.93 11.19 24.27 13.71 23.61 18.06 11.36 25.48 4.69 30.91 19.41 26.75 25.2 19.72 28.12 9.18 30.05 4.95 26.77 
71.01 15.75 8.57 10.13 19.57 7.4 0 19.4 15.83 11.83 25.55 19.73 11.96 39.79 15.78 14.95 7.77 14.04 16.01 7.54 20.72 23.03 34.11 10.37 21.16 12.68 22.44 10.69 16.16 26.32 9.99 25.07 19.04 22.93 23.7 14.66 20.81 8.23 23.37 12.36 27.3 
70.52 25.89 22.57 9.5 9.29 26.78 19.4 0 18.1 22.67 24.49 20.32 16.19 26.25 35.09 4.47 27.02 19.41 26.56 12.02 23.85 12.65 32.22 23.3 25.99 23.71 31.09 9.24 34.11 37.71 28.96 15.2 27.81 25.11 28.3 18.05 10.6 27.4 9.51 22.21 37.94 
83.98 30.84 10.71 12.56 17.35 19.98 15.83 18.1 0 15.98 9.8 15.66 14.62 26.53 28.37 15.9 19.42 12.92 31.23 12.62 33.66 11.58 18.49 9.9 34.85 8.44 37.49 16.32 31.05 42.03 24.34 12.3 10.05 35.66 10.48 26.8 17.83 19.42 14.45 15.5 42.92 
73.66 17.94 6.52 13.2 22.72 4.43 11.83 22.67 15.98 0 25.29 19.67 6.75 41.34 13.21 18.27 4.4 11.2 18.07 10.64 23.81 24.76 33.55 8.3 23.98 10.84 24.47 14.3 15.08 27.48 8.38 26.55 17.05 26.03 22.34 18.1 23.91 4.74 25.63 9.29 28.61 
93.1 40.62 19.28 21.58 23.5 28.94 25.55 24.49 9.8 25.29 0 5.86 24.42 21.7 36.79 23.69 28.21 22.52 41.02 22.12 43.11 13.21 8.74 17.92 44.43 15.64 47.27 25.3 40.24 51.81 33.5 11.85 12.61 45.05 7.53 36.24 23.47 28.11 17.21 24.85 52.71 
87.62 34.77 13.98 16.07 19.44 23.51 19.73 20.32 15.66 19.67 5.86 0 18.56 24.21 31.67 18.79 22.87 16.75 35.16 16.39 37.43 11.26 14.57 12.85 38.68 10.87 41.42 19.83 34.72 45.96 27.98 11.1 10.09 39.4 8.12 30.56 19.69 22.82 14.83 19.21 46.86 
70.47 16.22 9.75 6.99 16.37 10.61 11.96 16.19 14.62 6.75 24.42 18.56 0 37.25 18.95 11.74 10.93 4.46 16.61 4.42 19.93 20.48 33.11 11.37 20.73 13.32 22.9 7.56 18.89 27.52 13.02 22.66 19.54 22.08 23.53 13.38 17.62 11.36 20.5 6.37 28.35 
95.08 51.17 37.1 31.03 25.22 45.7 39.79 26.25 26.53 41.34 21.7 24.21 37.25 0 54.4 29.04 45.34 37.8 51.78 33.14 50.07 16.77 21.75 36.42 52.16 34.84 56.94 33.4 55.95 63.15 49.55 14.79 33.83 51.35 29.22 44 24.15 45.45 17.46 40.82 63.58 
72.97 19.69 17.71 25.91 35.32 8.78 15.78 35.09 28.37 13.21 36.79 31.67 18.95 54.4 0 30.62 9.06 16.84 19.32 23.32 27.89 37.93 44.3 18.89 26.84 21.17 24.08 26.06 6.81 23.33 6.39 39.63 25.92 29.88 32.09 24.85 36.57 8.97 38.82 13.74 24.86 
69.82 22.27 18.67 5.24 4.82 22.33 14.95 4.47 15.9 18.27 23.69 18.79 11.74 29.04 30.62 0 22.6 15.11 22.91 7.66 21.37 13.69 31.97 19.57 23.29 20.3 27.9 4.89 29.72 34.22 24.5 16.32 25.01 22.91 26.37 15 6.13 23 11.62 17.83 34.58 
74.37 18.65 8.93 17.58 27.1 8.83 7.77 27.02 19.42 4.4 28.21 22.87 10.93 45.34 9.06 22.6 0 7.96 18.61 15 25.59 28.9 36.11 10.37 25.34 12.85 24.74 18.46 12.21 26.58 5.66 30.57 18.44 27.79 24.29 20.64 28.29 9.14 29.94 4.89 27.87 
74.19 19.03 5.47 9.91 19.38 8.05 14.04 19.41 12.92 11.2 22.52 16.75 4.46 37.8 16.84 15.11 7.96 0 19.28 7.46 23.8 21.17 31 7.22 24.34 9.44 25.72 11.58 18.35 29.5 11.78 23 15.79 25.99 20.43 17.51 20.53 8.24 22.01 10.83 30.5 
55.79 13.15 24.33 21.05 27.35 17.5 16.01 26.56 31.23 18.07 41.02 35.16 16.61 51.78 19.32 22.91 18.61 19.28 0 19.48 8.9 35.51 49.72 26.16 7.54 28.59 6.44 18.38 13.66 11.38 14.44 37.98 34.93 10.69 39.71 9.2 28.62 19.15 34.33 18.25 11.95 
71.4 18.98 11.52 11.41 12.1 14.81 7.54 12.02 12.62 10.64 22.12 16.39 4.42 33.14 23.32 7.66 15 7.46 19.48 0 21.05 16.44 30.85 12.73 22.31 14.02 25.45 4.6 23.26 30.73 17.44 18.76 19.66 23.05 22.57 14.18 13.31 15.38 16.17 10.18 31.41 
50.56 8.37 29.25 21.63 24.85 24.55 20.72 23.85 33.66 23.81 43.11 37.43 19.93 50.07 27.89 21.37 25.59 23.8 8.9 21.05 0 35.01 51.81 31.01 14.98 33.16 8.72 18.06 22.53 15.98 22.44 37.62 39.44 15.76 43.31 6.88 25.96 26.16 32.88 23.82 15.62 
83.09 34.95 21.2 14.49 11.54 29.16 23.03 12.65 11.58 24.76 13.21 11.26 20.48 16.77 37.93 13.69 28.9 21.17 35.51 16.44 35.01 0 19.93 20.9 36.84 19.89 41.05 17.32 39.19 46.89 32.85 22.36 21.11 36.59 19.05 28.46 11.11 29.06 18.79 24.23 47.43 
101.65 49.33 27.28 30.23 31.16 36.93 34.11 32.22 18.49 33.55 8.74 14.57 33.11 21.75 44.3 31.97 36.11 31 49.72 30.85 51.81 19.93 0 25.74 53.16 23.27 55.98 33.92 48.28 60.42 41.57 17.81 18.67 53.73 12.42 44.94 30.92 35.94 23.84 33.14 61.35 
81.37 25.97 12.69 14.5 22.95 11.19 10.37 23.3 9.9 8.3 17.92 12.85 11.37 36.42 18.89 19.57 10.37 7.22 26.16 12.73 31.01 20.9 25.74 0 31.53 15.14 32.6 17.32 22.55 35.78 15.87 22.02 8.78 33.21 14.11 24.68 23.86 10.22 22.97 8.01 36.91 
49.85 7.16 29.73 23.12 26.97 24.27 21.16 25.99 34.85 23.98 44.43 38.68 20.73 52.16 26.84 23.29 25.34 24.34 7.54 22.31 14.98 36.84 53.16 31.53 0 33.77 6.26 19.69 21.13 13.5 21.73 39.44 40.11 15.51 44.25 8.4 28.11 25.91 34.87 24.04 13.12 
83.62 28.38 4.32 15.46 23.25 13.71 12.68 23.71 8.44 10.84 15.64 10.87 13.32 34.84 21.17 20.3 12.85 9.44 28.59 14.02 33.16 19.89 23.27 15.14 33.77 0 35.03 18.6 25.05 38.31 18.39 20.75 6.36 35.34 11.56 26.7 24.06 12.67 22.34 10.53 39.43 
49.67 6.71 30.77 26.77 31.99 23.61 22.44 31.09 37.49 24.47 47.27 41.42 22.9 56.94 24.08 27.9 24.74 25.72 6.44 25.45 8.72 41.05 55.98 32.6 6.26 35.03 0 23.73 17.63 7.26 20.09 43.58 41.37 9.26 46.13 13.04 33.2 25.26 39.5 24.67 7.03 
67.81 17.77 16.06 10.13 9.7 18.06 10.69 9.24 16.32 14.3 25.3 19.83 7.56 33.4 26.06 4.89 18.46 11.58 18.38 4.6 18.06 17.32 33.92 17.32 19.69 18.6 23.73 0 24.87 29.75 19.83 19.87 24.11 19.87 26.61 11.28 11.01 18.91 15.95 13.91 30.21 
66.18 14.16 21.01 25.71 34.54 11.36 16.16 34.11 31.05 15.08 40.24 34.72 18.89 55.95 6.81 29.72 12.21 18.35 13.66 23.26 22.53 39.19 48.28 22.55 21.13 25.05 17.63 24.87 0 16.51 6.74 41.2 30.57 24.34 36.49 20.81 35.85 12.44 39.39 15.56 18.04 
49.8 11.98 33.99 32.41 38.55 25.48 26.32 37.71 42.03 27.48 51.81 45.96 27.52 63.15 23.33 34.22 26.58 29.5 11.38 30.73 15.98 46.89 60.42 35.78 13.5 38.31 7.26 29.75 16.51 0 21.17 49.34 44.49 16.35 49.77 19.79 39.8 27.01 45.69 27.79 14.28 
69.71 14.65 14.29 20 29.25 4.69 9.99 28.96 24.34 8.38 33.5 27.98 13.02 49.55 6.39 24.5 5.66 11.78 14.44 17.44 22.44 32.85 41.57 15.87 21.73 18.39 20.09 19.83 6.74 21.17 0 34.77 24.09 24.54 29.9 18.73 30.53 6 33.35 8.88 22.53 
85.68 37.43 22.52 16.93 14.08 30.91 25.07 15.2 12.3 26.55 11.85 11.1 22.66 14.79 39.63 16.32 30.57 23 37.98 18.76 37.62 22.36 17.81 22.02 39.44 20.75 43.58 19.87 41.2 49.34 34.77 0 21.18 39.22 18.36 31.05 13.57 30.7 6.08 26.03 49.92 
89.94 34.72 10.6 20.66 27.16 19.41 19.04 27.81 10.05 17.05 12.61 10.09 19.54 33.83 25.92 25.01 18.44 15.79 34.93 19.66 39.44 21.11 18.67 8.78 40.11 6.36 41.37 24.11 30.57 44.49 24.09 21.18 0 41.61 6.26 32.9 27.74 18.15 24.35 16.78 45.64 
48.44 10.23 31.45 23.5 26.15 26.75 22.93 25.11 35.66 26.03 45.05 39.4 22.08 51.35 29.88 22.91 27.79 25.99 10.69 23.05 15.76 36.59 53.73 33.21 15.51 35.34 9.26 19.87 24.34 16.35 24.54 39.22 41.61 0 45.41 8.88 27.2 28.36 34.31 26.04 15.78 
93.84 39.43 15.84 22.9 27.46 25.2 23.7 28.3 10.48 22.34 7.53 8.12 23.53 29.22 32.09 26.37 24.29 20.43 39.71 22.57 43.31 19.05 12.42 14.11 44.25 11.56 46.13 26.61 36.49 49.77 29.9 18.36 6.26 45.41 0 36.55 27.76 24.05 22.81 22 50.85 
57.3 8.48 22.97 14.78 18.96 19.72 14.66 18.05 26.8 18.1 36.24 30.56 13.38 44 24.85 15 20.64 17.51 9.2 14.18 6.88 28.46 44.94 24.68 8.4 26.7 13.04 11.28 20.81 19.79 18.73 31.05 32.9 8.88 36.55 0 20.16 21.21 26.61 18.02 19.93 
72.32 27.96 23.29 10.72 10.95 28.12 20.81 10.6 17.83 23.91 23.47 19.69 17.62 24.15 36.57 6.13 28.29 20.53 28.62 13.31 25.96 11.11 30.92 23.86 28.11 24.06 33.2 11.01 35.85 39.8 30.53 13.57 27.74 27.2 27.76 20.16 0 28.65 7.68 23.43 40.05 
74.9 19.21 8.85 17.95 27.47 9.18 8.23 27.4 19.42 4.74 28.11 22.82 11.36 45.45 8.97 23 9.14 8.24 19.15 15.38 26.16 29.06 35.94 10.22 25.91 12.67 25.26 18.91 12.44 27.01 6 30.7 18.15 28.36 24.05 21.21 28.65 0 30.17 5.22 28.32 
79.99 33.71 22.99 13.84 8.4 30.05 23.37 9.51 14.45 25.63 17.21 14.83 20.5 17.46 38.82 11.62 29.94 22.01 34.33 16.17 32.88 18.79 23.84 22.97 34.87 22.34 39.5 15.95 39.39 45.69 33.35 6.08 24.35 34.31 22.81 26.61 7.68 30.17 0 25.11 46.12 
73.77 18.1 6.21 12.73 22.25 4.95 12.36 22.21 15.5 9.29 24.85 19.21 6.37 40.82 13.74 17.83 4.89 10.83 18.25 10.18 23.82 24.23 33.14 8.01 24.04 10.53 24.67 13.91 15.56 27.79 8.88 26.03 16.78 26.04 22 18.02 23.43 5.22 25.11 0 28.9 
48.23 12.49 35.11 32.99 38.81 26.77 27.3 37.94 42.92 28.61 52.71 46.86 28.35 63.58 24.86 34.58 27.87 30.5 11.95 31.41 15.62 47.43 61.35 36.91 13.12 39.43 7.03 30.21 18.04 14.28 22.53 49.92 45.64 15.78 50.85 19.93 40.05 28.32 46.12 28.9 0 
0	5000
0	101
0	131
0	147
0	158
0	214
0	234
0	294
0	342
0	372
0	414
0	424
0	453
0	553
0	669
0	714
0	745
0	755
0	785
0	815
0	858
0	925
0	957
0	997
0	1037
0	1075
0	1113
0	1137
0	1162
0	1178
0	1199
0	1234
0	1255
0	1297
0	1342
0	1379
0	1399
0	1428
0	1458
0	1483
0	1512
C:
0 3 3 3 3 3 3 3 3 3 3 3 3 3 3 3 3 3 3 3 3 3 3 3 3 3 3 3 3 3 3 3 3 3 3 3 3 3 3 3 3 3 
2 0 2 2 2 2 2 2 2 2 2 2 2 2 2 2 2 2 2 2 2 2 2 2 2 2 2 2 2 2 2 2 2 2 2 2 2 2 2 2 2 2 
1 1 0 1 1 1 1 1 1 1 1 1 1 1 1 1 1 1 1 1 1 1 1 1 1 1 1 1 1 1 1 1 1 1 1 1 1 1 1 1 1 1 
1 1 1 0 1 1 1 1 1 1 1 1 1 1 1 1 1 1 1 1 1 1 1 1 1 1 1 1 1 1 1 1 1 1 1 1 1 1 1 1 1 1 
2 2 2 2 0 2 2 2 2 2 2 2 2 2 2 2 2 2 2 2 2 2 2 2 2 2 2 2 2 2 2 2 2 2 2 2 2 2 2 2 2 2 
1 1 1 1 1 0 1 1 1 1 1 1 1 1 1 1 1 1 1 1 1 1 1 1 1 1 1 1 1 1 1 1 1 1 1 1 1 1 1 1 1 1 
1 1 1 1 1 1 0 1 1 1 1 1 1 1 1 1 1 1 1 1 1 1 1 1 1 1 1 1 1 1 1 1 1 1 1 1 1 1 1 1 1 1 
2 2 2 2 2 2 2 0 2 2 2 2 2 2 2 2 2 2 2 2 2 2 2 2 2 2 2 2 2 2 2 2 2 2 2 2 2 2 2 2 2 2 
1 1 1 1 1 1 1 1 0 1 1 1 1 1 1 1 1 1 1 1 1 1 1 1 1 1 1 1 1 1 1 1 1 1 1 1 1 1 1 1 1 1 
1 1 1 1 1 1 1 1 1 0 1 1 1 1 1 1 1 1 1 1 1 1 1 1 1 1 1 1 1 1 1 1 1 1 1 1 1 1 1 1 1 1 
2 2 2 2 2 2 2 2 2 2 0 2 2 2 2 2 2 2 2 2 2 2 2 2 2 2 2 2 2 2 2 2 2 2 2 2 2 2 2 2 2 2 
2 2 2 2 2 2 2 2 2 2 2 0 2 2 2 2 2 2 2 2 2 2 2 2 2 2 2 2 2 2 2 2 2 2 2 2 2 2 2 2 2 2 
1 1 1 1 1 1 1 1 1 1 1 1 0 1 1 1 1 1 1 1 1 1 1 1 1 1 1 1 1 1 1 1 1 1 1 1 1 1 1 1 1 1 
3 3 3 3 3 3 3 3 3 3 3 3 3 0 3 3 3 3 3 3 3 3 3 3 3 3 3 3 3 3 3 3 3 3 3 3 3 3 3 3 3 3 
2 2 2 2 2 2 2 2 2 2 2 2 2 2 0 2 2 2 2 2 2 2 2 2 2 2 2 2 2 2 2 2 2 2 2 2 2 2 2 2 2 2 
1 1 1 1 1 1 1 1 1 1 1 1 1 1 1 0 1 1 1 1 1 1 1 1 1 1 1 1 1 1 1 1 1 1 1 1 1 1 1 1 1 1 
1 1 1 1 1 1 1 1 1 1 1 1 1 1 1 1 0 1 1 1 1 1 1 1 1 1 1 1 1 1 1 1 1 1 1 1 1 1 1 1 1 1 
1 1 1 1 1 1 1 1 1 1 1 1 1 1 1 1 1 0 1 1 1 1 1 1 1 1 1 1 1 1 1 1 1 1 1 1 1 1 1 1 1 1 
2 2 2 2 2 2 2 2 2 2 2 2 2 2 2 2 2 2 0 2 2 2 2 2 2 2 2 2 2 2 2 2 2 2 2 2 2 2 2 2 2 2 
1 1 1 1 1 1 1 1 1 1 1 1 1 1 1 1 1 1 1 0 1 1 1 1 1 1 1 1 1 1 1 1 1 1 1 1 1 1 1 1 1 1 
2 2 2 2 2 2 2 2 2 2 2 2 2 2 2 2 2 2 2 2 0 2 2 2 2 2 2 2 2 2 2 2 2 2 2 2 2 2 2 2 2 2 
2 2 2 2 2 2 2 2 2 2 2 2 2 2 2 2 2 2 2 2 2 0 2 2 2 2 2 2 2 2 2 2 2 2 2 2 2 2 2 2 2 2 
3 3 3 3 3 3 3 3 3 3 3 3 3 3 3 3 3 3 3 3 3 3 0 3 3 3 3 3 3 3 3 3 3 3 3 3 3 3 3 3 3 3 
1 1 1 1 1 1 1 1 1 1 1 1 1 1 1 1 1 1 1 1 1 1 1 0 1 1 1 1 1 1 1 1 1 1 1 1 1 1 1 1 1 1 
2 2 2 2 2 2 2 2 2 2 2 2 2 2 2 2 2 2 2 2 2 2 2 2 0 2 2 2 2 2 2 2 2 2 2 2 2 2 2 2 2 2 
1 1 1 1 1 1 1 1 1 1 1 1 1 1 1 1 1 1 1 1 1 1 1 1 1 0 1 1 1 1 1 1 1 1 1 1 1 1 1 1 1 1 
2 2 2 2 2 2 2 2 2 2 2 2 2 2 2 2 2 2 2 2 2 2 2 2 2 2 0 2 2 2 2 2 2 2 2 2 2 2 2 2 2 2 
1 1 1 1 1 1 1 1 1 1 1 1 1 1 1 1 1 1 1 1 1 1 1 1 1 1 1 0 1 1 1 1 1 1 1 1 1 1 1 1 1 1 
2 2 2 2 2 2 2 2 2 2 2 2 2 2 2 2 2 2 2 2 2 2 2 2 2 2 2 2 0 2 2 2 2 2 2 2 2 2 2 2 2 2 
3 3 3 3 3 3 3 3 3 3 3 3 3 3 3 3 3 3 3 3 3 3 3 3 3 3 3 3 3 0 3 3 3 3 3 3 3 3 3 3 3 3 
1 1 1 1 1 1 1 1 1 1 1 1 1 1 1 1 1 1 1 1 1 1 1 1 1 1 1 1 1 1 0 1 1 1 1 1 1 1 1 1 1 1 
2 2 2 2 2 2 2 2 2 2 2 2 2 2 2 2 2 2 2 2 2 2 2 2 2 2 2 2 2 2 2 0 2 2 2 2 2 2 2 2 2 2 
2 2 2 2 2 2 2 2 2 2 2 2 2 2 2 2 2 2 2 2 2 2 2 2 2 2 2 2 2 2 2 2 0 2 2 2 2 2 2 2 2 2 
2 2 2 2 2 2 2 2 2 2 2 2 2 2 2 2 2 2 2 2 2 2 2 2 2 2 2 2 2 2 2 2 2 0 2 2 2 2 2 2 2 2 
2 2 2 2 2 2 2 2 2 2 2 2 2 2 2 2 2 2 2 2 2 2 2 2 2 2 2 2 2 2 2 2 2 2 0 2 2 2 2 2 2 2 
1 1 1 1 1 1 1 1 1 1 1 1 1 1 1 1 1 1 1 1 1 1 1 1 1 1 1 1 1 1 1 1 1 1 1 0 1 1 1 1 1 1 
2 2 2 2 2 2 2 2 2 2 2 2 2 2 2 2 2 2 2 2 2 2 2 2 2 2 2 2 2 2 2 2 2 2 2 2 0 2 2 2 2 2 
1 1 1 1 1 1 1 1 1 1 1 1 1 1 1 1 1 1 1 1 1 1 1 1 1 1 1 1 1 1 1 1 1 1 1 1 1 0 1 1 1 1 
2 2 2 2 2 2 2 2 2 2 2 2 2 2 2 2 2 2 2 2 2 2 2 2 2 2 2 2 2 2 2 2 2 2 2 2 2 2 0 2 2 2 
1 1 1 1 1 1 1 1 1 1 1 1 1 1 1 1 1 1 1 1 1 1 1 1 1 1 1 1 1 1 1 1 1 1 1 1 1 1 1 0 1 1 
3 3 3 3 3 3 3 3 3 3 3 3 3 3 3 3 3 3 3 3 3 3 3 3 3 3 3 3 3 3 3 3 3 3 3 3 3 3 3 3 0 3 
3 3 3 3 3 3 3 3 3 3 3 3 3 3 3 3 3 3 3 3 3 3 3 3 3 3 3 3 3 3 3 3 3 3 3 3 3 3 3 3 3 0 
Time:
0	15
15	30
30	45
45	60
60	75
75	90
90	105
105	120
120	135
135	150
150	165
165	180
180	195
195	210
210	225
225	240
240	255
255	270
270	285
285	300
300	315
315	330
330	345
345	360
360	375
375	390
390	405
405	420
420	435
435	450
450	465
465	480
480	495
495	510
510	525
525	540
540	555
555	570
570	585
585	600
600	615
615	630
630	645
645	660
660	675
675	690
690	705
705	720
720	735
735	750
750	765
765	780
780	795
795	810
810	825
825	840
840	855
855	870
870	885
885	900
900	915
915	930
930	945
945	960
960	975
975	990
990	1005
1005	1020
1020	1035
1035	1050
1050	1065
1065	1080
1080	5000
Speed:
0.925	0.85	0.925	1	0.8325	0.765	0.8325	0.9	0.4625	0.425	0.4625	0.5	0.30525	0.2805	0.30525	0.33	0.37	0.34	0.37	0.4	0.555	0.51	0.555	0.6	0.6475	0.595	0.6475	0.7	0.37	0.34	0.37	0.4	0.30525	0.2805	0.30525	0.33	0.4625	0.425	0.4625	0.5	0.6475	0.595	0.6475	0.7	0.74	0.68	0.74	0.8	0.6475	0.595	0.6475	0.7	0.4625	0.425	0.4625	0.5	0.555	0.51	0.555	0.6	0.6475	0.595	0.6475	0.7	0.8325	0.765	0.8325	0.9	0.925	0.85	0.925	1	1	
0.925	0.85	0.925	1	0.8325	0.765	0.8325	0.9	0.4625	0.425	0.4625	0.5	0.30525	0.2805	0.30525	0.33	0.37	0.34	0.37	0.4	0.555	0.51	0.555	0.6	0.6475	0.595	0.6475	0.7	0.37	0.34	0.37	0.4	0.30525	0.2805	0.30525	0.33	0.4625	0.425	0.4625	0.5	0.6475	0.595	0.6475	0.7	0.74	0.68	0.74	0.8	0.6475	0.595	0.6475	0.7	0.4625	0.425	0.4625	0.5	0.555	0.51	0.555	0.6	0.6475	0.595	0.6475	0.7	0.8325	0.765	0.8325	0.9	0.925	0.85	0.925	1	1	
0.925	0.85	0.925	1	0.8325	0.765	0.8325	0.9	0.4625	0.425	0.4625	0.5	0.30525	0.2805	0.30525	0.33	0.37	0.34	0.37	0.4	0.555	0.51	0.555	0.6	0.6475	0.595	0.6475	0.7	0.37	0.34	0.37	0.4	0.30525	0.2805	0.30525	0.33	0.4625	0.425	0.4625	0.5	0.6475	0.595	0.6475	0.7	0.74	0.68	0.74	0.8	0.6475	0.595	0.6475	0.7	0.4625	0.425	0.4625	0.5	0.555	0.51	0.555	0.6	0.6475	0.595	0.6475	0.7	0.8325	0.765	0.8325	0.9	0.925	0.85	0.925	1	1	
