46
0 71.71 97.41 56.71 58.51 72.65 60.47 87.24 67.82 82.45 54.65 83.17 57.35 69.31 64 66.16 74.89 82.08 71.46 57.57 88.82 57.69 90.88 72.57 80.8 60.91 87.99 61.81 54.17 60.49 91.05 72.58 83.9 64.21 88.98 83.15 72.62 53.36 49.82 65.61 79.23 72.9 95.14 81.29 51.88 69.47 
71.71 0 25.85 20.7 23.65 14.79 15.69 16.64 10.24 17.33 20.09 17.11 16.69 9.78 27.48 18.84 6.74 11 12.52 21.15 20.64 17.28 25.29 14.55 9.56 13.81 18.83 32.03 20.02 13.86 21.93 25.01 17.98 11.22 18.1 13.45 29.42 32.01 30.02 23.66 12.28 25.11 23.82 17.55 28.03 15.04 
97.41 25.85 0 44.95 46.43 31.81 39.98 14.27 32.62 24.03 45.24 22.78 41.93 31.29 47.17 39.17 22.89 15.39 31.21 44.94 18.64 42.2 17.37 31.7 16.61 38.61 12.34 52.07 45.34 38.83 16.45 40.4 22.82 35.42 12.63 18.15 44.54 54.98 54.33 43.21 20.02 40.3 8.52 25.75 52.14 28.13 
56.71 20.7 44.95 0 4.94 15.99 5.06 32.27 12.38 25.94 10.87 26.77 5.25 13.8 12.45 9.73 26.89 31.4 15.08 10.54 32.6 13.51 45.83 15.92 29.92 6.93 39.51 14.93 4.61 7 35.03 17.75 27.44 9.67 34.13 27.96 19.89 11.65 9.43 11.17 32.58 18.06 40.45 24.67 7.35 18.69 
58.51 23.65 46.43 4.94 0 15.56 8.42 33.03 14.09 25.51 8.51 26.51 9.98 15.26 7.69 8.08 30.17 33.83 15.4 13.65 32.41 8.57 48.93 15.56 32.36 10.63 42.17 10.03 9.45 10.9 34.98 14.37 27.06 12.47 34.9 28.74 15.73 8.59 8.97 7.36 35.84 14.68 41.15 24.04 6.73 21.87 
72.65 14.79 31.81 15.99 15.56 0 12.45 17.85 6.84 10.03 18.14 10.97 16 6 15.39 7.62 21.14 21.63 11.39 15.31 16.87 15.28 37.73 11.77 20.32 12.75 30.01 20.3 18.75 13.3 19.43 10.41 11.56 10.13 19.69 13.69 14.91 23.74 24.35 11.41 26.04 10.47 25.81 8.68 22.07 14.45 
60.47 15.69 39.98 5.06 8.42 12.45 0 27.58 7.6 22 5.81 22.71 10.31 9.08 14.44 8.31 22 26.34 11.01 5.49 28.4 10.57 40.9 12.33 24.86 11.99 34.47 18.04 6.33 12.05 30.72 17.08 23.44 4.62 29.42 23.29 20.2 16.4 14.48 11.79 27.68 17.34 35.74 20.91 12.4 13.74 
87.24 16.64 14.27 32.27 33.03 17.85 27.58 0 19.98 9.85 33.23 8.61 30.16 18.51 33.07 25.4 17.68 11.65 17.63 32.02 6.3 30.12 25.13 17.77 11.55 26.64 17.06 37.96 33.52 26.98 6.04 26.13 8.79 23.31 10.51 4.32 30.29 41.45 41.41 29.17 18.76 26.03 8.18 11.54 39.16 18.58 
67.82 10.24 32.62 12.38 14.09 6.84 7.6 19.98 0 14.95 13.32 15.51 10.47 12.38 17.24 8.61 16.98 19.78 4.55 12.31 21.02 10.21 35.21 6.62 18.31 6.92 28.17 21.84 13.7 7.37 23.25 15.61 16.3 12.22 21.82 15.69 19.8 22.67 21.71 13.43 22.47 15.77 28.14 14.12 19.52 9.06 
82.45 17.33 24.03 25.94 25.51 10.03 22 9.85 14.95 0 27.8 12.84 25.28 13.53 24.14 17.46 21.6 18.48 10.99 25.32 6.94 24.8 33.9 10.06 17.66 21.8 25.76 28.91 28.32 22.28 9.59 16.5 12.34 18.66 11.41 7.1 20.52 33.47 34.36 20.45 24.84 16.36 16.83 15.51 32.08 18.32 
54.65 20.09 45.24 10.87 8.51 18.14 5.81 33.23 13.32 27.8 0 28.52 11.61 14.82 16.1 12.77 25.8 31.05 16.81 5.14 34.21 10.23 44.73 18.03 29.58 6.66 38.86 18.36 11.23 6.41 36.52 21.15 29.25 9.95 35.06 28.98 23.49 13.93 10.35 14.75 31.42 21.45 41.36 26.68 8.78 17.91 
83.17 17.11 22.78 26.77 26.51 10.97 22.71 8.61 15.51 12.84 28.52 0 25.91 14.05 25.31 18.48 21.04 17.57 11.74 26.2 5.9 25.49 32.84 10.98 16.81 22.4 24.69 30.1 29.01 22.87 8.5 17.75 11.3 19.21 10.15 6.06 21.78 34.54 35.31 21.59 24.06 17.62 15.6 14.47 33.04 18.24 
57.35 16.69 41.93 5.25 9.98 16 10.31 30.16 10.47 25.28 11.61 25.91 0 11.96 17.01 11.87 22.43 27.65 14.37 6.47 31.48 11.56 41.37 15.85 26.19 12.19 35.46 20 9.86 12.25 33.7 20.6 26.68 6.88 31.97 25.95 23.5 16.72 13.62 14.88 28.07 20.88 38.25 24.29 11.88 14.51 
69.31 9.78 31.29 13.8 15.26 6 9.08 18.51 12.38 13.53 14.82 14.05 11.96 0 17.89 9.19 16.48 18.76 13.23 13.66 19.53 11.71 34.39 5.76 17.31 8.41 27.2 22.59 15.19 8.85 21.75 15.47 14.85 5.16 20.36 14.21 19.79 23.86 23.08 13.99 21.84 15.61 26.68 12.76 20.87 8.91 
64 27.48 47.17 12.45 7.69 15.39 14.44 33.07 17.24 24.14 16.1 25.31 17.01 17.89 0 8.71 34.22 36.42 16.42 10.97 30.99 15.57 52.26 15.52 35.02 16.58 44.88 4.91 17.05 17.01 33.68 9.07 25.64 17.19 34.88 29.02 8.71 10.85 14.42 13.54 39.7 9.37 40.81 22.45 12.7 26.14 
66.16 18.84 39.17 9.73 8.08 7.62 8.31 25.4 8.61 17.46 12.77 18.48 11.87 9.19 8.71 0 25.57 27.77 7.99 8.65 24.38 10.67 43.55 7.66 26.35 9.87 36.23 13.46 13.6 10.42 26.98 8.77 19.01 9.27 27.25 21.17 12.14 16.12 17.02 4.83 31.01 9.03 33.41 15.96 14.76 17.62 
74.89 6.74 22.89 26.89 30.17 21.14 22 17.68 16.98 21.6 25.8 21.04 22.43 16.48 34.22 25.57 0 7.64 19 27.48 23.07 23.23 18.96 20.9 6.77 19.96 13.46 38.75 25.58 19.91 23.63 31.49 21.85 17.71 18.61 15.93 35.96 38.4 36.01 30.4 5.69 31.57 23.16 22.26 34.14 8.3 
82.08 11 15.39 31.4 33.83 21.63 26.34 11.65 19.78 18.48 31.05 17.57 27.65 18.76 36.42 27.77 7.64 0 20.08 31.69 17.77 28.16 16.13 21.44 14.41 24.63 8.47 41.23 31 24.73 17.65 31.83 18.19 21.75 12.06 11.58 36.33 42.37 40.81 32.42 7.11 31.83 15.77 19.65 38.75 13.25 
71.46 12.52 31.21 15.08 15.4 11.39 11.01 17.63 4.55 10.99 16.81 11.74 14.37 13.23 16.42 7.99 19 20.08 0 14.6 17.53 13.82 36.09 11.17 18.72 10.96 28.54 21.29 17.34 11.48 19.96 12.5 12.45 8.07 19.5 13.34 16.95 23.85 23.9 12.4 24.07 12.6 25.76 9.93 21.63 12.06 
57.57 21.15 44.94 10.54 13.65 15.31 5.49 32.02 12.31 25.32 5.14 26.2 6.47 13.66 10.97 8.65 27.48 31.69 14.6 0 32.06 5.09 46.38 15.26 30.21 7.58 39.89 13.56 6.09 7.75 34.54 16.42 26.84 9.97 33.88 27.69 18.45 10.92 9.42 9.75 33.17 16.73 40.19 23.99 7.21 19.22 
88.82 20.64 18.64 32.6 32.41 16.87 28.4 6.3 21.02 6.94 34.21 5.9 31.48 19.53 30.99 24.38 23.07 17.77 17.53 32.06 0 31.15 31.31 16.88 17.48 27.93 23.3 35.72 34.66 28.37 12.34 23.01 5.4 24.67 6.85 7.28 26.73 40.41 41.21 27.36 24.82 22.84 10.61 8.57 38.93 22.21 
57.69 17.28 42.2 13.51 8.57 15.28 10.57 30.12 10.21 24.8 10.23 25.49 11.56 11.71 15.57 10.67 23.23 28.16 13.82 5.09 31.15 0 42.19 15.16 26.69 12.67 36.1 18.59 11.18 12.83 33.43 19.35 26.23 6.84 31.94 25.86 22.15 15.56 12.79 13.5 28.9 19.63 38.25 23.73 10.92 15.16 
90.88 25.29 17.37 45.83 48.93 37.73 40.9 25.13 35.21 33.9 44.73 32.84 41.37 34.39 52.26 43.55 18.96 16.13 36.09 46.38 31.31 42.19 0 37.53 17.41 38.9 8.15 56.99 44.46 38.87 30.12 47.96 33.31 36.49 24.5 26.8 52.46 57.28 54.97 48.3 13.31 47.96 24.18 35.27 53.09 27.16 
72.57 14.55 31.7 15.92 15.56 11.77 12.33 17.77 6.62 10.06 18.03 10.98 15.85 5.76 15.52 7.66 20.9 21.44 11.17 15.26 16.88 15.16 37.53 0 20.12 12.59 29.83 20.43 18.63 13.14 19.43 10.63 11.59 9.94 19.62 13.59 15.13 23.78 24.33 11.53 25.82 10.69 25.76 8.75 22.05 14.21 
80.8 9.56 16.61 29.92 32.36 20.32 24.86 11.55 18.31 17.66 29.58 16.81 26.19 17.31 35.02 26.35 6.77 14.41 18.72 30.21 17.48 26.69 17.41 20.12 0 23.15 9.89 39.81 29.54 23.26 17.59 30.57 17.48 20.26 12.19 10.94 35.08 40.9 39.33 31.02 7.37 30.59 16.4 18.74 37.26 11.82 
60.91 13.81 38.61 6.93 10.63 12.75 11.99 26.64 6.92 21.8 6.66 22.4 12.19 8.41 16.58 9.87 19.96 24.63 10.96 7.58 27.93 12.67 38.9 12.59 23.15 0 32.64 20.26 6.89 13.07 30.15 18.58 23.17 13.57 28.45 22.41 21.96 18.48 16.21 13.74 25.65 18.83 34.74 20.85 14.23 11.77 
87.99 18.83 12.34 39.51 42.17 30.01 34.47 17.06 28.17 25.76 38.86 24.69 35.46 27.2 44.88 36.23 13.46 8.47 28.54 39.89 23.3 36.1 8.15 29.83 9.89 32.64 0 49.7 38.72 32.69 22.3 40.1 25.16 29.92 16.57 18.66 44.58 50.67 48.85 40.88 8.79 40.09 17.23 27.14 46.85 20.95 
61.81 32.03 52.07 14.93 10.03 20.3 18.04 37.96 21.84 28.91 18.36 30.1 20 22.59 4.91 13.46 38.75 41.23 21.29 13.56 35.72 18.59 56.99 20.43 39.81 20.26 49.7 0 19.27 20.61 38.41 13.18 30.4 21.37 39.75 33.92 11.34 8.68 13.62 8.92 44.29 13.43 45.64 27.2 12.54 30.57 
54.17 20.02 45.34 4.61 9.45 18.75 6.33 33.52 13.7 28.32 11.23 29.01 9.86 15.19 17.05 13.6 25.58 31 17.34 6.09 34.66 11.18 44.46 18.63 29.54 6.89 38.72 19.27 0 6.57 36.93 22.04 29.75 10.22 35.34 29.29 24.42 14.63 10.8 15.68 31.16 22.33 41.63 27.24 9.36 17.81 
60.49 13.86 38.83 7 10.9 13.3 12.05 26.98 7.37 22.28 6.41 22.87 12.25 8.85 17.01 10.42 19.91 24.73 11.48 7.75 28.37 12.83 38.87 13.14 23.26 13.07 32.69 20.61 6.57 0 30.56 19.15 23.65 14.01 28.78 22.77 22.5 18.61 16.17 14.24 25.59 19.4 35.07 21.36 14.23 11.77 
91.05 21.93 16.45 35.03 34.98 19.43 30.72 6.04 23.25 9.59 36.52 8.5 33.7 21.75 33.68 26.98 23.63 17.65 19.96 34.54 12.34 33.43 30.12 19.43 17.59 30.15 22.3 38.41 36.93 30.56 0 25.69 8.06 26.85 5.8 8.52 29.38 43.04 43.74 30.03 24.77 25.52 8.16 11.25 41.46 23.67 
72.58 25.01 40.4 17.75 14.37 10.41 17.08 26.13 15.61 16.5 21.15 17.75 20.6 15.47 9.07 8.77 31.49 31.83 12.5 16.42 23.01 19.35 47.96 10.63 30.57 18.58 40.1 13.18 22.04 19.15 25.69 0 17.88 17.48 27.81 22.51 4.52 19.84 22.76 7.03 36.45 9.01 33.31 14.76 20.74 24.38 
83.9 17.98 22.82 27.44 27.06 11.56 23.44 8.79 16.3 12.34 29.25 11.3 26.68 14.85 25.64 19.01 21.85 18.19 12.45 26.84 5.4 26.23 33.31 11.59 17.48 23.17 25.16 30.4 29.75 23.65 8.06 17.88 0 20 10.23 6.63 21.81 35.02 35.9 21.97 24.77 17.73 15.43 13.96 33.62 19.13 
64.21 11.22 35.42 9.67 12.47 10.13 4.62 23.31 12.22 18.66 9.95 19.21 6.88 5.16 17.19 9.27 17.71 21.75 8.07 9.97 24.67 6.84 36.49 9.94 20.26 13.57 29.92 21.37 10.22 14.01 26.85 17.48 20 0 25.12 19.08 21.3 20.8 19.1 13.8 23.38 17.69 31.42 17.82 17.01 9.41 
88.98 18.1 12.63 34.13 34.9 19.69 29.42 10.51 21.82 11.41 35.06 10.15 31.97 20.36 34.88 27.25 18.61 12.06 19.5 33.88 6.85 31.94 24.5 19.62 12.19 28.45 16.57 39.75 35.34 28.78 5.8 27.81 10.23 25.12 0 6.18 31.91 43.31 43.28 30.99 19.16 27.69 6.32 13.12 41.02 20.11 
83.15 13.45 18.15 27.96 28.74 13.69 23.29 4.32 15.69 7.1 28.98 6.06 25.95 14.21 29.02 21.17 15.93 11.58 13.34 27.69 7.28 25.86 26.8 13.59 10.94 22.41 18.66 33.92 29.29 22.77 8.52 22.51 6.63 19.08 6.18 0 26.81 37.18 37.09 25.07 18.29 22.43 12.5 8.53 34.84 15.15 
72.62 29.42 44.54 19.89 15.73 14.91 20.2 30.29 19.8 20.52 23.49 21.78 23.5 19.79 8.71 12.14 35.96 36.33 16.95 18.45 26.73 22.15 52.46 15.13 35.08 21.96 44.58 11.34 24.42 22.5 29.38 4.52 21.81 21.3 31.91 26.81 0 19.3 23.14 8.74 40.95 4.5 37.21 18.79 21.37 28.7 
53.36 32.01 54.98 11.65 8.59 23.74 16.4 41.45 22.67 33.47 13.93 34.54 16.72 23.86 10.85 16.12 38.4 42.37 23.85 10.92 40.41 15.56 57.28 23.78 40.9 18.48 50.67 8.68 14.63 18.61 43.04 19.84 35.02 20.8 43.31 37.18 19.3 0 5.51 13.42 44.09 20.14 49.52 31.9 5.51 30.13 
49.82 30.02 54.33 9.43 8.97 24.35 14.48 41.41 21.71 34.36 10.35 35.31 13.62 23.08 14.42 17.02 36.01 40.81 23.9 9.42 41.21 12.79 54.97 24.33 39.33 16.21 48.85 13.62 10.8 16.17 43.74 22.76 35.9 19.1 43.28 37.09 23.14 5.51 0 15.8 41.67 23.08 49.58 32.93 11.02 27.94 
65.61 23.66 43.21 11.17 7.36 11.41 11.79 29.17 13.43 20.45 14.75 21.59 14.88 13.99 13.54 4.83 30.4 32.42 12.4 9.75 27.36 13.5 48.3 11.53 31.02 13.74 40.88 8.92 15.68 14.24 30.03 7.03 21.97 13.8 30.99 25.07 8.74 13.42 15.8 0 35.83 7.35 36.98 18.79 13.73 22.44 
79.23 12.28 20.02 32.58 35.84 26.04 27.68 18.76 22.47 24.84 31.42 24.06 28.07 21.84 39.7 31.01 5.69 7.11 24.07 33.17 24.82 28.9 13.31 25.82 7.37 25.65 8.79 44.29 31.16 25.59 24.77 36.45 24.77 23.38 19.16 18.29 40.95 44.09 41.67 35.83 0 36.5 22.34 25.8 39.81 13.98 
72.9 25.11 40.3 18.06 14.68 10.47 17.34 26.03 15.77 16.36 21.45 17.62 20.88 15.61 9.37 9.03 31.57 31.83 12.6 16.73 22.84 19.63 47.96 10.69 30.59 18.83 40.09 13.43 22.33 19.4 25.52 9.01 17.73 17.69 27.69 22.43 4.5 20.14 23.08 7.35 36.5 0 33.17 14.62 21.06 24.51 
95.14 23.82 8.52 40.45 41.15 25.81 35.74 8.18 28.14 16.83 41.36 15.6 38.25 26.68 40.81 33.41 23.16 15.77 25.76 40.19 10.61 38.25 24.18 25.76 16.4 34.74 17.23 45.64 41.63 35.07 8.16 33.31 15.43 31.42 6.32 12.5 37.21 49.52 49.58 36.98 22.34 33.17 0 18.57 47.33 25.95 
81.29 17.55 25.75 24.67 24.04 8.68 20.91 11.54 14.12 15.51 26.68 14.47 24.29 12.76 22.45 15.96 22.26 19.65 9.93 23.99 8.57 23.73 35.27 8.75 18.74 20.85 27.14 27.2 27.24 21.36 11.25 14.76 13.96 17.82 13.12 8.53 18.79 31.9 32.93 18.79 25.8 14.62 18.57 0 30.65 18.35 
51.88 28.03 52.14 7.35 6.73 22.07 12.4 39.16 19.52 32.08 8.78 33.04 11.88 20.87 12.7 14.76 34.14 38.75 21.63 7.21 38.93 10.92 53.09 22.05 37.26 14.23 46.85 12.54 9.36 14.23 41.46 20.74 33.62 17.01 41.02 34.84 21.37 5.51 11.02 13.73 39.81 21.06 47.33 30.65 0 25.99 
69.47 15.04 28.13 18.69 21.87 14.45 13.74 18.58 9.06 18.32 17.91 18.24 14.51 8.91 26.14 17.62 8.3 13.25 12.06 19.22 22.21 15.16 27.16 14.21 11.82 11.77 20.95 30.57 17.81 11.77 23.67 24.38 19.13 9.41 20.11 15.15 28.7 30.13 27.94 22.44 13.98 24.51 25.95 18.35 25.99 0 
0	5000
0	120
0	152
0	252
0	268
0	313
0	344
0	394
0	426
0	449
0	515
0	598
0	650
0	669
0	696
0	708
0	744
0	754
0	784
0	807
0	870
0	928
0	995
0	1042
0	1064
0	1091
0	1124
0	1174
0	1193
0	1200
0	1231
0	1256
0	1274
0	1294
0	1319
0	1325
0	1352
0	1371
0	1377
0	1393
0	1429
0	1465
0	1498
0	1517
0	1548
0	1574
C:
0 3 3 3 3 3 3 3 3 3 3 3 3 3 3 3 3 3 3 3 3 3 3 3 3 3 3 3 3 3 3 3 3 3 3 3 3 3 3 3 3 3 3 3 3 3 3 
1 0 1 1 1 1 1 1 1 1 1 1 1 1 1 1 1 1 1 1 1 1 1 1 1 1 1 1 1 1 1 1 1 1 1 1 1 1 1 1 1 1 1 1 1 1 1 
3 3 0 3 3 3 3 3 3 3 3 3 3 3 3 3 3 3 3 3 3 3 3 3 3 3 3 3 3 3 3 3 3 3 3 3 3 3 3 3 3 3 3 3 3 3 3 
1 1 1 0 1 1 1 1 1 1 1 1 1 1 1 1 1 1 1 1 1 1 1 1 1 1 1 1 1 1 1 1 1 1 1 1 1 1 1 1 1 1 1 1 1 1 1 
2 2 2 2 0 2 2 2 2 2 2 2 2 2 2 2 2 2 2 2 2 2 2 2 2 2 2 2 2 2 2 2 2 2 2 2 2 2 2 2 2 2 2 2 2 2 2 
1 1 1 1 1 0 1 1 1 1 1 1 1 1 1 1 1 1 1 1 1 1 1 1 1 1 1 1 1 1 1 1 1 1 1 1 1 1 1 1 1 1 1 1 1 1 1 
1 1 1 1 1 1 0 1 1 1 1 1 1 1 1 1 1 1 1 1 1 1 1 1 1 1 1 1 1 1 1 1 1 1 1 1 1 1 1 1 1 1 1 1 1 1 1 
2 2 2 2 2 2 2 0 2 2 2 2 2 2 2 2 2 2 2 2 2 2 2 2 2 2 2 2 2 2 2 2 2 2 2 2 2 2 2 2 2 2 2 2 2 2 2 
1 1 1 1 1 1 1 1 0 1 1 1 1 1 1 1 1 1 1 1 1 1 1 1 1 1 1 1 1 1 1 1 1 1 1 1 1 1 1 1 1 1 1 1 1 1 1 
1 1 1 1 1 1 1 1 1 0 1 1 1 1 1 1 1 1 1 1 1 1 1 1 1 1 1 1 1 1 1 1 1 1 1 1 1 1 1 1 1 1 1 1 1 1 1 
2 2 2 2 2 2 2 2 2 2 0 2 2 2 2 2 2 2 2 2 2 2 2 2 2 2 2 2 2 2 2 2 2 2 2 2 2 2 2 2 2 2 2 2 2 2 2 
1 1 1 1 1 1 1 1 1 1 1 0 1 1 1 1 1 1 1 1 1 1 1 1 1 1 1 1 1 1 1 1 1 1 1 1 1 1 1 1 1 1 1 1 1 1 1 
1 1 1 1 1 1 1 1 1 1 1 1 0 1 1 1 1 1 1 1 1 1 1 1 1 1 1 1 1 1 1 1 1 1 1 1 1 1 1 1 1 1 1 1 1 1 1 
1 1 1 1 1 1 1 1 1 1 1 1 1 0 1 1 1 1 1 1 1 1 1 1 1 1 1 1 1 1 1 1 1 1 1 1 1 1 1 1 1 1 1 1 1 1 1 
2 2 2 2 2 2 2 2 2 2 2 2 2 2 0 2 2 2 2 2 2 2 2 2 2 2 2 2 2 2 2 2 2 2 2 2 2 2 2 2 2 2 2 2 2 2 2 
1 1 1 1 1 1 1 1 1 1 1 1 1 1 1 0 1 1 1 1 1 1 1 1 1 1 1 1 1 1 1 1 1 1 1 1 1 1 1 1 1 1 1 1 1 1 1 
2 2 2 2 2 2 2 2 2 2 2 2 2 2 2 2 0 2 2 2 2 2 2 2 2 2 2 2 2 2 2 2 2 2 2 2 2 2 2 2 2 2 2 2 2 2 2 
2 2 2 2 2 2 2 2 2 2 2 2 2 2 2 2 2 0 2 2 2 2 2 2 2 2 2 2 2 2 2 2 2 2 2 2 2 2 2 2 2 2 2 2 2 2 2 
1 1 1 1 1 1 1 1 1 1 1 1 1 1 1 1 1 1 0 1 1 1 1 1 1 1 1 1 1 1 1 1 1 1 1 1 1 1 1 1 1 1 1 1 1 1 1 
1 1 1 1 1 1 1 1 1 1 1 1 1 1 1 1 1 1 1 0 1 1 1 1 1 1 1 1 1 1 1 1 1 1 1 1 1 1 1 1 1 1 1 1 1 1 1 
2 2 2 2 2 2 2 2 2 2 2 2 2 2 2 2 2 2 2 2 0 2 2 2 2 2 2 2 2 2 2 2 2 2 2 2 2 2 2 2 2 2 2 2 2 2 2 
1 1 1 1 1 1 1 1 1 1 1 1 1 1 1 1 1 1 1 1 1 0 1 1 1 1 1 1 1 1 1 1 1 1 1 1 1 1 1 1 1 1 1 1 1 1 1 
3 3 3 3 3 3 3 3 3 3 3 3 3 3 3 3 3 3 3 3 3 3 0 3 3 3 3 3 3 3 3 3 3 3 3 3 3 3 3 3 3 3 3 3 3 3 3 
1 1 1 1 1 1 1 1 1 1 1 1 1 1 1 1 1 1 1 1 1 1 1 0 1 1 1 1 1 1 1 1 1 1 1 1 1 1 1 1 1 1 1 1 1 1 1 
2 2 2 2 2 2 2 2 2 2 2 2 2 2 2 2 2 2 2 2 2 2 2 2 0 2 2 2 2 2 2 2 2 2 2 2 2 2 2 2 2 2 2 2 2 2 2 
1 1 1 1 1 1 1 1 1 1 1 1 1 1 1 1 1 1 1 1 1 1 1 1 1 0 1 1 1 1 1 1 1 1 1 1 1 1 1 1 1 1 1 1 1 1 1 
3 3 3 3 3 3 3 3 3 3 3 3 3 3 3 3 3 3 3 3 3 3 3 3 3 3 0 3 3 3 3 3 3 3 3 3 3 3 3 3 3 3 3 3 3 3 3 
2 2 2 2 2 2 2 2 2 2 2 2 2 2 2 2 2 2 2 2 2 2 2 2 2 2 2 0 2 2 2 2 2 2 2 2 2 2 2 2 2 2 2 2 2 2 2 
2 2 2 2 2 2 2 2 2 2 2 2 2 2 2 2 2 2 2 2 2 2 2 2 2 2 2 2 0 2 2 2 2 2 2 2 2 2 2 2 2 2 2 2 2 2 2 
1 1 1 1 1 1 1 1 1 1 1 1 1 1 1 1 1 1 1 1 1 1 1 1 1 1 1 1 1 0 1 1 1 1 1 1 1 1 1 1 1 1 1 1 1 1 1 
2 2 2 2 2 2 2 2 2 2 2 2 2 2 2 2 2 2 2 2 2 2 2 2 2 2 2 2 2 2 0 2 2 2 2 2 2 2 2 2 2 2 2 2 2 2 2 
1 1 1 1 1 1 1 1 1 1 1 1 1 1 1 1 1 1 1 1 1 1 1 1 1 1 1 1 1 1 1 0 1 1 1 1 1 1 1 1 1 1 1 1 1 1 1 
1 1 1 1 1 1 1 1 1 1 1 1 1 1 1 1 1 1 1 1 1 1 1 1 1 1 1 1 1 1 1 1 0 1 1 1 1 1 1 1 1 1 1 1 1 1 1 
1 1 1 1 1 1 1 1 1 1 1 1 1 1 1 1 1 1 1 1 1 1 1 1 1 1 1 1 1 1 1 1 1 0 1 1 1 1 1 1 1 1 1 1 1 1 1 
2 2 2 2 2 2 2 2 2 2 2 2 2 2 2 2 2 2 2 2 2 2 2 2 2 2 2 2 2 2 2 2 2 2 0 2 2 2 2 2 2 2 2 2 2 2 2 
1 1 1 1 1 1 1 1 1 1 1 1 1 1 1 1 1 1 1 1 1 1 1 1 1 1 1 1 1 1 1 1 1 1 1 0 1 1 1 1 1 1 1 1 1 1 1 
2 2 2 2 2 2 2 2 2 2 2 2 2 2 2 2 2 2 2 2 2 2 2 2 2 2 2 2 2 2 2 2 2 2 2 2 0 2 2 2 2 2 2 2 2 2 2 
2 2 2 2 2 2 2 2 2 2 2 2 2 2 2 2 2 2 2 2 2 2 2 2 2 2 2 2 2 2 2 2 2 2 2 2 2 0 2 2 2 2 2 2 2 2 2 
2 2 2 2 2 2 2 2 2 2 2 2 2 2 2 2 2 2 2 2 2 2 2 2 2 2 2 2 2 2 2 2 2 2 2 2 2 2 0 2 2 2 2 2 2 2 2 
1 1 1 1 1 1 1 1 1 1 1 1 1 1 1 1 1 1 1 1 1 1 1 1 1 1 1 1 1 1 1 1 1 1 1 1 1 1 1 0 1 1 1 1 1 1 1 
2 2 2 2 2 2 2 2 2 2 2 2 2 2 2 2 2 2 2 2 2 2 2 2 2 2 2 2 2 2 2 2 2 2 2 2 2 2 2 2 0 2 2 2 2 2 2 
1 1 1 1 1 1 1 1 1 1 1 1 1 1 1 1 1 1 1 1 1 1 1 1 1 1 1 1 1 1 1 1 1 1 1 1 1 1 1 1 1 0 1 1 1 1 1 
3 3 3 3 3 3 3 3 3 3 3 3 3 3 3 3 3 3 3 3 3 3 3 3 3 3 3 3 3 3 3 3 3 3 3 3 3 3 3 3 3 3 0 3 3 3 3 
1 1 1 1 1 1 1 1 1 1 1 1 1 1 1 1 1 1 1 1 1 1 1 1 1 1 1 1 1 1 1 1 1 1 1 1 1 1 1 1 1 1 1 0 1 1 1 
2 2 2 2 2 2 2 2 2 2 2 2 2 2 2 2 2 2 2 2 2 2 2 2 2 2 2 2 2 2 2 2 2 2 2 2 2 2 2 2 2 2 2 2 0 2 2 
1 1 1 1 1 1 1 1 1 1 1 1 1 1 1 1 1 1 1 1 1 1 1 1 1 1 1 1 1 1 1 1 1 1 1 1 1 1 1 1 1 1 1 1 1 0 1 
3 3 3 3 3 3 3 3 3 3 3 3 3 3 3 3 3 3 3 3 3 3 3 3 3 3 3 3 3 3 3 3 3 3 3 3 3 3 3 3 3 3 3 3 3 3 0 
Time:
0	15
15	30
30	45
45	60
60	75
75	90
90	105
105	120
120	135
135	150
150	165
165	180
180	195
195	210
210	225
225	240
240	255
255	270
270	285
285	300
300	315
315	330
330	345
345	360
360	375
375	390
390	405
405	420
420	435
435	450
450	465
465	480
480	495
495	510
510	525
525	540
540	555
555	570
570	585
585	600
600	615
615	630
630	645
645	660
660	675
675	690
690	705
705	720
720	735
735	750
750	765
765	780
780	795
795	810
810	825
825	840
840	855
855	870
870	885
885	900
900	915
915	930
930	945
945	960
960	975
975	990
990	1005
1005	1020
1020	1035
1035	1050
1050	1065
1065	1080
1080	5000
Speed:
0.925	0.85	0.925	1	0.8325	0.765	0.8325	0.9	0.4625	0.425	0.4625	0.5	0.30525	0.2805	0.30525	0.33	0.37	0.34	0.37	0.4	0.555	0.51	0.555	0.6	0.6475	0.595	0.6475	0.7	0.37	0.34	0.37	0.4	0.30525	0.2805	0.30525	0.33	0.4625	0.425	0.4625	0.5	0.6475	0.595	0.6475	0.7	0.74	0.68	0.74	0.8	0.6475	0.595	0.6475	0.7	0.4625	0.425	0.4625	0.5	0.555	0.51	0.555	0.6	0.6475	0.595	0.6475	0.7	0.8325	0.765	0.8325	0.9	0.925	0.85	0.925	1	1	
0.925	0.85	0.925	1	0.8325	0.765	0.8325	0.9	0.4625	0.425	0.4625	0.5	0.30525	0.2805	0.30525	0.33	0.37	0.34	0.37	0.4	0.555	0.51	0.555	0.6	0.6475	0.595	0.6475	0.7	0.37	0.34	0.37	0.4	0.30525	0.2805	0.30525	0.33	0.4625	0.425	0.4625	0.5	0.6475	0.595	0.6475	0.7	0.74	0.68	0.74	0.8	0.6475	0.595	0.6475	0.7	0.4625	0.425	0.4625	0.5	0.555	0.51	0.555	0.6	0.6475	0.595	0.6475	0.7	0.8325	0.765	0.8325	0.9	0.925	0.85	0.925	1	1	
0.925	0.85	0.925	1	0.8325	0.765	0.8325	0.9	0.4625	0.425	0.4625	0.5	0.30525	0.2805	0.30525	0.33	0.37	0.34	0.37	0.4	0.555	0.51	0.555	0.6	0.6475	0.595	0.6475	0.7	0.37	0.34	0.37	0.4	0.30525	0.2805	0.30525	0.33	0.4625	0.425	0.4625	0.5	0.6475	0.595	0.6475	0.7	0.74	0.68	0.74	0.8	0.6475	0.595	0.6475	0.7	0.4625	0.425	0.4625	0.5	0.555	0.51	0.555	0.6	0.6475	0.595	0.6475	0.7	0.8325	0.765	0.8325	0.9	0.925	0.85	0.925	1	1	
