46
0 53.47 72.92 50 68.69 69.18 69.96 88.5 48.13 110.7 77.69 94.35 70.16 69.22 67.2 83.46 89.94 73.31 68.98 90.99 60.11 97.51 89.2 84.91 39.85 82.37 51.85 74.68 80.96 82.27 68.34 48.76 53.32 68 110.29 60.8 72.33 73.74 98.31 68.58 71.36 56.19 83.76 98.26 56.58 74.48 
53.47 0 21.67 7.67 15.77 36.14 21.29 41.38 11.95 76.43 48.06 57.31 16.92 27.64 15.54 36.42 44.28 44.97 15.55 53.05 21.79 60.19 43.09 37.86 13.66 35.33 15.57 21.53 51.54 36.64 33.77 8.79 18.89 29.42 69.29 24.03 19.6 25.87 53.47 28.19 39.49 14.25 38.86 59.27 20.74 25.98 
72.92 21.67 0 28.64 16.2 27.68 5.66 20.62 25.02 59.52 37.74 40.7 14.49 16.19 20.01 16.17 24.1 36.4 12.69 36.46 19.13 43.1 22.76 17.44 34.36 15.23 22.8 15.75 40.48 17.42 25.26 29.98 23.3 19.88 49.79 20.61 17.34 7.64 33.09 17.64 30.45 30.93 19.82 41.39 21.65 6.79 
50 7.67 28.64 0 19.06 43.37 28.8 48.77 16.87 84.07 55.29 64.96 20.8 35.26 17.22 43.87 51.78 52.03 20.15 60.71 28.97 67.85 50.57 45.3 11.32 42.8 21.67 25.08 58.81 44.21 41.06 16.46 25.17 36.91 76.9 31.15 22.5 33.39 60.97 35.75 46.71 9.02 46.45 66.94 27.49 33.42 
68.69 15.77 16.2 19.06 0 41.41 20 36.12 26.05 75.72 52.52 56.89 10.65 30.36 14.71 32.11 39.87 50.51 12.47 52.64 29.11 59.3 38.48 33.26 28.95 31.25 27.36 6.02 55.56 33.58 38.87 20.42 29.74 33.54 65.54 31.26 18.38 23.58 48.57 31.55 44.54 17.08 35.98 57.56 29.96 22.91 
69.18 36.14 27.68 43.37 41.41 0 22.25 25.87 28.35 43.02 11.92 25.3 40.37 11.49 44.45 22.61 25.03 9.14 38.11 21.81 14.4 28.47 25.01 23.46 41.33 22.04 22.75 42.91 15.45 19.88 13.35 44.15 19.46 7.92 41.15 12.24 43.8 20.79 31.25 10.08 15.13 50.14 19.79 29.07 16.35 22.02 
69.96 21.29 5.66 28.8 20 22.25 0 20.17 21.83 56.6 32.75 37.52 18.63 10.79 23.52 15.15 23 31.13 16.51 33.22 13.72 40.15 21.81 16.6 32.67 14.05 18.65 20.71 35.67 15.42 19.79 30.03 18.56 14.37 48.2 15.06 21.86 4.58 32.18 12.17 25.14 32.65 17.71 38.8 16.52 4.79 
88.5 41.38 20.62 48.77 36.12 25.87 20.17 0 41.01 40.94 29.63 23.69 34.15 19.74 40.03 5.13 12.26 30.84 32.78 20.11 28.6 25.25 11.68 10.58 52.67 6.25 36.69 33.73 30.74 6.5 24.78 50.04 35.26 22.09 29.43 28.36 36.2 15.66 12.49 20.74 26.58 51.55 6.08 22.75 32.14 15.41 
48.13 11.95 25.02 16.87 26.05 28.35 21.83 41.01 0 70.86 40.01 52.2 26.59 23.12 26.8 35.88 43 36.36 24.64 48.15 14.65 55.29 42.07 37.37 13.06 34.77 5.6 31.08 43.62 35.13 26.34 17.2 8.97 23.4 66.13 16.4 29.84 25.75 51.91 23.02 31.57 25.38 36.96 55.01 12.01 26.41 
110.7 76.43 59.52 84.07 75.72 43.02 56.6 40.94 70.86 0 33.04 19.14 73.94 48.82 79.53 43.92 36.88 37.41 72.22 23.44 56.25 16.46 38.29 42.99 83.92 44.65 65.3 74.25 29.75 42.16 44.69 85.08 62.24 47.61 16.43 54.47 76.45 52.4 30.35 48.44 40.19 89.13 39.77 18.29 58.93 52.91 
77.69 48.06 37.74 55.29 52.52 11.92 32.75 29.63 40.01 33.04 0 18.09 51.31 22.16 55.76 28.26 27.2 4.37 49.12 16.27 26.32 21 27.8 28.54 52.85 28.12 34.44 53.4 12.16 25.31 14.31 56.05 31.05 19.18 34.87 24.14 54.61 30.26 30.09 21.02 8.58 62.02 24.09 22.83 28.11 31.35 
94.35 57.31 40.7 64.96 56.89 25.3 37.52 23.69 52.2 19.14 18.09 0 55.18 29.77 60.65 25.68 19.73 22.13 53.37 4.3 37.56 11.48 21.03 24.98 65.24 26.27 46.72 55.81 16.09 23.57 26.55 66 43.82 28.82 16.78 35.91 57.85 33.41 16.73 29.47 22.99 69.99 21.25 4.92 40.45 34 
70.16 16.92 14.49 20.8 10.65 40.37 18.63 34.15 26.59 73.94 51.31 55.18 0 29.18 5.97 30.22 37.93 49.44 11.07 50.94 28.53 57.55 36.53 31.35 30.34 29.39 27.46 4.62 54.29 31.78 37.85 22.17 29.65 32.47 63.58 30.62 11.66 21.99 46.57 30.42 43.45 19.19 34.17 55.75 29.62 21.25 
69.22 27.64 16.19 35.26 30.36 11.49 10.79 19.74 23.12 48.82 22.16 29.77 29.18 0 33.62 15.07 20.74 20.35 26.97 25.55 9.13 32.72 20.07 16.38 35.9 14.12 18.03 31.49 25.26 13.27 9.08 36.26 15.95 14.5 43.02 8.63 32.52 9.6 29.19 16.43 14.36 40.87 14.56 32.12 12.64 10.88 
67.2 15.54 20.01 17.22 14.71 44.45 23.52 40.03 26.8 79.53 55.76 60.65 5.97 33.62 0 35.99 43.77 53.58 7.33 56.38 31.62 63.1 42.38 37.16 27.85 35.12 28.84 8.68 58.87 37.42 41.91 18.5 31.52 36.66 69.45 33.83 5.69 27.27 52.48 34.74 47.64 13.77 39.81 61.4 32.11 26.65 
83.46 36.42 16.17 43.87 32.11 22.61 15.15 5.13 35.88 43.92 28.26 25.68 30.22 15.07 35.99 0 7.98 28.76 28.68 21.68 23.7 27.71 6.7 9.13 47.56 9.68 31.62 30.33 29.93 11.63 21.17 45.12 30.29 17.79 33.63 23.62 32.57 10.6 17.12 16.21 23.86 47 4.63 25.64 27.24 10.45 
89.94 44.28 24.1 51.78 39.87 25.03 23 12.26 43 36.88 27.2 19.73 37.93 20.74 43.77 7.98 0 28.89 36.48 16.31 29.83 21.2 11.77 6.66 55.06 9.01 38.38 37.68 27.93 7.88 24.33 53.02 36.62 22.49 25.71 29.3 40.09 18.41 9.19 21.51 25.24 54.97 6.18 18.67 33.37 18.38 
73.31 44.97 36.4 52.03 50.51 9.14 31.13 30.84 36.36 37.41 4.37 22.13 49.44 20.35 53.58 28.76 28.89 0 47.19 19.9 23.19 25.13 29.3 29.25 49.05 28.46 30.84 51.84 7.78 25.82 11.67 52.73 27.39 16.97 38.9 20.94 52.83 29.18 32.85 19.03 5.99 59.08 24.97 26.75 24.62 30.35 
68.98 15.55 12.69 20.15 12.47 38.11 16.51 32.78 24.64 72.22 49.12 53.37 11.07 26.97 7.33 28.68 36.48 47.19 0 49.11 26.21 55.79 35.1 29.86 29.14 27.8 25.29 6.45 52.13 30.09 35.58 21.55 27.4 30.22 62.18 28.29 5.9 20.05 45.26 28.19 41.21 19.59 32.49 54.07 27.32 19.38 
90.99 53.05 36.46 60.71 52.64 21.81 33.22 20.11 48.15 23.44 16.27 4.3 50.94 25.55 56.38 21.68 16.31 19.9 49.11 0 33.51 7.17 17.52 21.08 61.16 22.21 42.7 51.65 15.07 19.44 22.85 61.75 39.89 24.76 19.43 31.95 53.65 29.13 15.11 25.31 19.81 65.69 17.16 7.27 36.49 29.74 
60.11 21.79 19.13 28.97 29.11 14.4 13.72 28.6 14.65 56.25 26.32 37.56 28.53 9.13 31.62 23.7 29.83 23.19 26.21 33.51 0 40.64 29.12 25.1 27.69 22.67 9.21 31.94 29.84 22.23 12.11 29.76 6.82 8.76 51.72 14.79 32.11 15.51 38.3 8.65 17.74 35.9 23.65 40.42 15.62 16.63 
97.51 60.19 43.1 67.85 59.3 28.47 40.15 25.25 55.29 16.46 21 11.48 57.55 32.72 63.1 27.71 21.2 25.13 55.79 7.17 40.64 0 22.57 26.89 68.3 28.38 49.82 58 18.76 25.8 29.72 68.9 46.95 31.89 13.95 39.03 60.13 35.95 16.8 32.48 26.15 72.72 23.43 14.44 43.56 36.47 
89.2 43.09 22.76 50.57 38.48 25.01 21.81 11.68 42.07 38.29 27.8 21.03 36.53 20.07 42.38 6.7 11.77 29.3 35.1 17.52 29.12 22.57 0 5.33 54.02 7.77 37.54 36.26 28.69 6.96 24.16 51.81 35.88 22.03 27.08 28.68 38.68 17.24 10.41 20.92 25.41 53.65 5.59 20.07 32.66 17.15 
84.91 37.86 17.44 45.3 33.26 23.46 16.6 10.58 37.37 42.99 28.54 24.98 31.35 16.38 37.16 9.13 6.66 29.25 29.86 21.08 25.1 26.89 5.33 0 49.05 9.54 33.09 31.29 30.05 12.29 22.13 46.55 31.71 18.98 32.36 24.97 33.61 12.07 15.73 17.47 24.54 48.32 4.5 24.7 28.64 11.88 
39.85 13.66 34.36 11.32 28.95 41.33 32.67 52.67 13.06 83.92 52.85 65.24 30.34 35.9 27.85 47.56 55.06 49.05 29.14 61.16 27.69 68.3 54.02 49.05 0 46.44 18.64 34.9 56.46 47.2 39.38 10.49 21.86 36.42 78.89 29.46 32.67 37.04 64.14 35.92 44.5 19.78 49.19 67.95 25.04 37.46 
82.37 35.33 15.23 42.8 31.25 22.04 14.05 6.25 34.77 44.65 28.12 26.27 29.39 14.12 35.12 9.68 9.01 28.46 27.8 22.21 22.67 28.38 7.77 9.54 46.44 0 30.53 29.61 29.92 12.75 20.51 44.04 29.22 16.95 34.6 22.64 31.8 9.49 18.18 15.3 23.42 46 5.05 26.4 26.2 9.38 
51.85 15.57 22.8 21.67 27.36 22.75 18.65 36.69 5.6 65.3 34.44 46.72 27.46 18.03 28.84 31.62 38.38 30.84 25.29 42.7 9.21 49.82 37.54 33.09 18.64 30.53 0 31.65 38.04 30.58 20.74 22.19 14.57 17.96 60.9 10.84 30.94 22.01 47.11 17.76 25.98 29.69 32.25 49.63 6.41 22.86 
74.68 21.53 15.75 25.08 6.02 42.91 20.71 33.73 31.08 74.25 53.4 55.81 4.62 31.49 8.68 30.33 37.68 51.84 6.45 51.65 31.94 58 36.26 31.29 34.9 29.61 31.65 0 56.2 32.24 40.41 26.44 33.64 34.99 63.05 33.92 12.35 23.38 45.93 32.84 45.85 22.45 34.58 55.97 33.34 22.45 
80.96 51.54 40.48 58.81 55.56 15.45 35.67 30.74 43.62 29.75 12.16 16.09 54.29 25.26 58.87 29.93 27.93 7.78 52.13 15.07 29.84 18.76 28.69 30.05 56.46 29.92 38.04 56.2 0 27.02 17.77 59.59 34.66 22.46 32.71 27.69 57.53 32.91 29.7 24.2 12.12 65.44 25.55 20.98 31.7 33.95 
82.27 36.64 17.42 44.21 33.58 19.88 15.42 6.5 35.13 42.16 25.31 23.57 31.78 13.27 37.42 11.63 7.88 25.82 30.09 19.44 22.23 25.8 6.96 12.29 47.2 12.75 30.58 32.24 27.02 0 18.56 45.41 28.96 15.6 32.79 21.91 34.33 10.87 16.96 14.25 21 47.87 12.55 23.98 25.78 11.06 
68.34 33.77 25.26 41.06 38.87 13.35 19.79 24.78 26.34 44.69 14.31 26.55 37.85 9.08 41.91 21.17 24.33 11.67 35.58 22.85 12.11 29.72 24.16 22.13 39.38 20.51 20.74 40.41 17.77 18.56 0 41.86 17.57 5.43 41.98 10.04 41.28 18.51 31.13 7.63 5.8 47.71 18.76 30.06 14.34 19.77 
48.76 8.79 29.98 16.46 20.42 44.15 30.03 50.04 17.2 85.08 56.05 66 22.17 36.26 18.5 45.12 53.02 52.73 21.55 61.75 29.76 68.9 51.81 46.55 10.49 44.04 22.19 26.44 59.59 45.41 41.86 0 25.7 37.81 78.08 31.91 23.83 34.61 62.21 36.71 47.48 9.41 47.65 68.04 28.14 34.68 
53.32 18.89 23.3 25.17 29.74 19.46 18.56 35.26 8.97 62.24 31.05 43.82 29.65 15.95 31.52 30.29 36.62 27.39 27.4 39.89 6.82 46.95 35.88 31.71 21.86 29.22 14.57 33.64 34.66 28.96 17.57 25.7 0 15.3 58.38 7.96 33.19 21.33 45.13 15.44 22.64 33.08 30.45 46.91 12.51 22.31 
68 29.42 19.88 36.91 33.54 7.92 14.37 22.09 23.4 47.61 19.18 28.82 32.47 14.5 36.66 17.79 22.49 16.97 30.22 24.76 8.76 31.89 22.03 18.98 36.42 16.95 17.96 34.99 22.46 15.6 5.43 37.81 15.3 0 43.08 7.36 35.89 13.37 30.37 13.05 10.99 43.08 16.44 31.68 11.87 14.63 
110.29 69.29 49.79 76.9 65.54 41.15 48.2 29.43 66.13 16.43 34.87 16.78 63.58 43.02 69.45 33.63 25.71 38.9 62.18 19.43 51.72 13.95 27.08 32.36 78.89 34.6 60.9 63.05 32.71 32.79 41.98 78.08 58.38 43.08 0 50.43 65.59 43.65 17.13 43.14 39.24 80.59 30.48 12.22 54.95 43.81 
60.8 24.03 20.61 31.15 31.26 12.24 15.06 28.36 16.4 54.47 24.14 35.91 30.62 8.63 33.83 23.62 29.3 20.94 28.29 31.95 14.79 39.03 28.68 24.97 29.46 22.64 10.84 33.92 27.69 21.91 10.04 31.91 7.96 7.36 50.43 0 34.19 16.27 37.52 7.8 15.57 38.16 23.13 38.95 4.55 17.46 
72.33 19.6 17.34 22.5 18.38 43.8 21.86 36.2 29.84 76.45 54.61 57.85 11.66 32.52 5.69 32.57 40.09 52.83 5.9 53.65 32.11 60.13 38.68 33.61 32.67 31.8 30.94 12.35 57.53 34.33 41.28 23.83 33.19 35.89 65.59 34.19 0 24.96 48.5 33.8 46.84 19.43 36.7 58.2 33.2 24.13 
73.74 25.87 7.64 33.39 23.58 20.79 4.58 15.66 25.75 52.4 30.26 33.41 21.99 9.6 27.27 10.6 18.41 29.18 20.05 29.13 15.51 35.95 17.24 12.07 37.04 9.49 22.01 23.38 32.91 10.87 18.51 34.61 21.33 13.37 43.65 16.27 24.96 0 27.6 11.12 23.31 37.07 13.18 34.46 18.77 9.38 
98.31 53.47 33.09 60.97 48.57 31.25 32.18 12.49 51.91 30.35 30.09 16.73 46.57 29.19 52.48 17.12 9.19 32.85 45.26 15.11 38.3 16.8 10.41 15.73 64.14 18.18 47.11 45.93 29.7 16.96 31.13 62.21 45.13 30.37 17.13 37.52 48.5 27.6 0 29.75 30.6 64.02 14.97 13.53 41.79 27.55 
68.58 28.19 17.64 35.75 31.55 10.08 12.17 20.74 23.02 48.44 21.02 29.47 30.42 16.43 34.74 16.21 21.51 19.03 28.19 25.31 8.65 32.48 20.92 17.47 35.92 15.3 17.76 32.84 24.2 14.25 7.63 36.71 15.44 13.05 43.14 7.8 33.8 11.12 29.75 0 13.04 41.62 15.35 32.03 12.06 12.4 
71.36 39.49 30.45 46.71 44.54 15.13 25.14 26.58 31.57 40.19 8.58 22.99 43.45 14.36 47.64 23.86 25.24 5.99 41.21 19.81 17.74 26.15 25.41 24.54 44.5 23.42 25.98 45.85 12.12 21 5.8 47.48 22.64 10.99 39.24 15.57 46.84 23.31 30.6 13.04 0 53.49 20.53 27.06 19.6 24.51 
56.19 14.25 30.93 9.02 17.08 50.14 32.65 51.55 25.38 89.13 62.02 69.99 19.19 40.87 13.77 47 54.97 59.08 19.59 65.69 35.9 72.72 53.65 48.32 19.78 46 29.69 22.45 65.44 47.87 47.71 9.41 33.08 43.08 80.59 38.16 19.43 37.07 64.02 41.62 53.49 0 50.22 71.45 34.99 36.8 
83.76 38.86 19.82 46.45 35.98 19.79 17.71 6.08 36.96 39.77 24.09 21.25 34.17 14.56 39.81 4.63 6.18 24.97 32.49 17.16 23.65 23.43 5.59 4.5 49.19 5.05 32.25 34.58 25.55 12.55 18.76 47.65 30.45 16.44 30.48 23.13 36.7 13.18 14.97 15.35 20.53 50.22 0 21.58 27.19 13.43 
98.26 59.27 41.39 66.94 57.56 29.07 38.8 22.75 55.01 18.29 22.83 4.92 55.75 32.12 61.4 25.64 18.67 26.75 54.07 7.27 40.42 14.44 20.07 24.7 67.95 26.4 49.63 55.97 20.98 23.98 30.06 68.04 46.91 31.68 12.22 38.95 58.2 34.46 13.53 32.03 27.06 71.45 21.58 0 43.5 34.88 
56.58 20.74 21.65 27.49 29.96 16.35 16.52 32.14 12.01 58.93 28.11 40.45 29.62 12.64 32.11 27.24 33.37 24.62 27.32 36.49 15.62 43.56 32.66 28.64 25.04 26.2 6.41 33.34 31.7 25.78 14.34 28.14 12.51 11.87 54.95 4.55 33.2 18.77 41.79 12.06 19.6 34.99 27.19 43.5 0 19.84 
74.48 25.98 6.79 33.42 22.91 22.02 4.79 15.41 26.41 52.91 31.35 34 21.25 10.88 26.65 10.45 18.38 30.35 19.38 29.74 16.63 36.47 17.15 11.88 37.46 9.38 22.86 22.45 33.95 11.06 19.77 34.68 22.31 14.63 43.81 17.46 24.13 9.38 27.55 12.4 24.51 36.8 13.43 34.88 19.84 0 
0	5000
0	98
0	125
0	159
0	199
0	316
0	364
0	400
0	465
0	647
0	698
0	724
0	804
0	860
0	924
0	982
0	994
0	1031
0	1085
0	1136
0	1169
0	1210
0	1232
0	1238
0	1287
0	1333
0	1364
0	1395
0	1452
0	1479
0	1497
0	1539
0	1565
0	1580
0	1623
0	1674
0	1708
0	1733
0	1760
0	1790
0	1803
0	1857
0	1907
0	1928
0	1972
0	1992
C:
0 3 3 3 3 3 3 3 3 3 3 3 3 3 3 3 3 3 3 3 3 3 3 3 3 3 3 3 3 3 3 3 3 3 3 3 3 3 3 3 3 3 3 3 3 3 3 
3 0 3 3 3 3 3 3 3 3 3 3 3 3 3 3 3 3 3 3 3 3 3 3 3 3 3 3 3 3 3 3 3 3 3 3 3 3 3 3 3 3 3 3 3 3 3 
1 1 0 1 1 1 1 1 1 1 1 1 1 1 1 1 1 1 1 1 1 1 1 1 1 1 1 1 1 1 1 1 1 1 1 1 1 1 1 1 1 1 1 1 1 1 1 
3 3 3 0 3 3 3 3 3 3 3 3 3 3 3 3 3 3 3 3 3 3 3 3 3 3 3 3 3 3 3 3 3 3 3 3 3 3 3 3 3 3 3 3 3 3 3 
3 3 3 3 0 3 3 3 3 3 3 3 3 3 3 3 3 3 3 3 3 3 3 3 3 3 3 3 3 3 3 3 3 3 3 3 3 3 3 3 3 3 3 3 3 3 3 
1 1 1 1 1 0 1 1 1 1 1 1 1 1 1 1 1 1 1 1 1 1 1 1 1 1 1 1 1 1 1 1 1 1 1 1 1 1 1 1 1 1 1 1 1 1 1 
1 1 1 1 1 1 0 1 1 1 1 1 1 1 1 1 1 1 1 1 1 1 1 1 1 1 1 1 1 1 1 1 1 1 1 1 1 1 1 1 1 1 1 1 1 1 1 
2 2 2 2 2 2 2 0 2 2 2 2 2 2 2 2 2 2 2 2 2 2 2 2 2 2 2 2 2 2 2 2 2 2 2 2 2 2 2 2 2 2 2 2 2 2 2 
2 2 2 2 2 2 2 2 0 2 2 2 2 2 2 2 2 2 2 2 2 2 2 2 2 2 2 2 2 2 2 2 2 2 2 2 2 2 2 2 2 2 2 2 2 2 2 
3 3 3 3 3 3 3 3 3 0 3 3 3 3 3 3 3 3 3 3 3 3 3 3 3 3 3 3 3 3 3 3 3 3 3 3 3 3 3 3 3 3 3 3 3 3 3 
2 2 2 2 2 2 2 2 2 2 0 2 2 2 2 2 2 2 2 2 2 2 2 2 2 2 2 2 2 2 2 2 2 2 2 2 2 2 2 2 2 2 2 2 2 2 2 
3 3 3 3 3 3 3 3 3 3 3 0 3 3 3 3 3 3 3 3 3 3 3 3 3 3 3 3 3 3 3 3 3 3 3 3 3 3 3 3 3 3 3 3 3 3 3 
3 3 3 3 3 3 3 3 3 3 3 3 0 3 3 3 3 3 3 3 3 3 3 3 3 3 3 3 3 3 3 3 3 3 3 3 3 3 3 3 3 3 3 3 3 3 3 
1 1 1 1 1 1 1 1 1 1 1 1 1 0 1 1 1 1 1 1 1 1 1 1 1 1 1 1 1 1 1 1 1 1 1 1 1 1 1 1 1 1 1 1 1 1 1 
3 3 3 3 3 3 3 3 3 3 3 3 3 3 0 3 3 3 3 3 3 3 3 3 3 3 3 3 3 3 3 3 3 3 3 3 3 3 3 3 3 3 3 3 3 3 3 
1 1 1 1 1 1 1 1 1 1 1 1 1 1 1 0 1 1 1 1 1 1 1 1 1 1 1 1 1 1 1 1 1 1 1 1 1 1 1 1 1 1 1 1 1 1 1 
2 2 2 2 2 2 2 2 2 2 2 2 2 2 2 2 0 2 2 2 2 2 2 2 2 2 2 2 2 2 2 2 2 2 2 2 2 2 2 2 2 2 2 2 2 2 2 
2 2 2 2 2 2 2 2 2 2 2 2 2 2 2 2 2 0 2 2 2 2 2 2 2 2 2 2 2 2 2 2 2 2 2 2 2 2 2 2 2 2 2 2 2 2 2 
3 3 3 3 3 3 3 3 3 3 3 3 3 3 3 3 3 3 0 3 3 3 3 3 3 3 3 3 3 3 3 3 3 3 3 3 3 3 3 3 3 3 3 3 3 3 3 
3 3 3 3 3 3 3 3 3 3 3 3 3 3 3 3 3 3 3 0 3 3 3 3 3 3 3 3 3 3 3 3 3 3 3 3 3 3 3 3 3 3 3 3 3 3 3 
1 1 1 1 1 1 1 1 1 1 1 1 1 1 1 1 1 1 1 1 0 1 1 1 1 1 1 1 1 1 1 1 1 1 1 1 1 1 1 1 1 1 1 1 1 1 1 
3 3 3 3 3 3 3 3 3 3 3 3 3 3 3 3 3 3 3 3 3 0 3 3 3 3 3 3 3 3 3 3 3 3 3 3 3 3 3 3 3 3 3 3 3 3 3 
2 2 2 2 2 2 2 2 2 2 2 2 2 2 2 2 2 2 2 2 2 2 0 2 2 2 2 2 2 2 2 2 2 2 2 2 2 2 2 2 2 2 2 2 2 2 2 
1 1 1 1 1 1 1 1 1 1 1 1 1 1 1 1 1 1 1 1 1 1 1 0 1 1 1 1 1 1 1 1 1 1 1 1 1 1 1 1 1 1 1 1 1 1 1 
3 3 3 3 3 3 3 3 3 3 3 3 3 3 3 3 3 3 3 3 3 3 3 3 0 3 3 3 3 3 3 3 3 3 3 3 3 3 3 3 3 3 3 3 3 3 3 
1 1 1 1 1 1 1 1 1 1 1 1 1 1 1 1 1 1 1 1 1 1 1 1 1 0 1 1 1 1 1 1 1 1 1 1 1 1 1 1 1 1 1 1 1 1 1 
2 2 2 2 2 2 2 2 2 2 2 2 2 2 2 2 2 2 2 2 2 2 2 2 2 2 0 2 2 2 2 2 2 2 2 2 2 2 2 2 2 2 2 2 2 2 2 
3 3 3 3 3 3 3 3 3 3 3 3 3 3 3 3 3 3 3 3 3 3 3 3 3 3 3 0 3 3 3 3 3 3 3 3 3 3 3 3 3 3 3 3 3 3 3 
3 3 3 3 3 3 3 3 3 3 3 3 3 3 3 3 3 3 3 3 3 3 3 3 3 3 3 3 0 3 3 3 3 3 3 3 3 3 3 3 3 3 3 3 3 3 3 
1 1 1 1 1 1 1 1 1 1 1 1 1 1 1 1 1 1 1 1 1 1 1 1 1 1 1 1 1 0 1 1 1 1 1 1 1 1 1 1 1 1 1 1 1 1 1 
1 1 1 1 1 1 1 1 1 1 1 1 1 1 1 1 1 1 1 1 1 1 1 1 1 1 1 1 1 1 0 1 1 1 1 1 1 1 1 1 1 1 1 1 1 1 1 
3 3 3 3 3 3 3 3 3 3 3 3 3 3 3 3 3 3 3 3 3 3 3 3 3 3 3 3 3 3 3 0 3 3 3 3 3 3 3 3 3 3 3 3 3 3 3 
2 2 2 2 2 2 2 2 2 2 2 2 2 2 2 2 2 2 2 2 2 2 2 2 2 2 2 2 2 2 2 2 0 2 2 2 2 2 2 2 2 2 2 2 2 2 2 
1 1 1 1 1 1 1 1 1 1 1 1 1 1 1 1 1 1 1 1 1 1 1 1 1 1 1 1 1 1 1 1 1 0 1 1 1 1 1 1 1 1 1 1 1 1 1 
3 3 3 3 3 3 3 3 3 3 3 3 3 3 3 3 3 3 3 3 3 3 3 3 3 3 3 3 3 3 3 3 3 3 0 3 3 3 3 3 3 3 3 3 3 3 3 
1 1 1 1 1 1 1 1 1 1 1 1 1 1 1 1 1 1 1 1 1 1 1 1 1 1 1 1 1 1 1 1 1 1 1 0 1 1 1 1 1 1 1 1 1 1 1 
3 3 3 3 3 3 3 3 3 3 3 3 3 3 3 3 3 3 3 3 3 3 3 3 3 3 3 3 3 3 3 3 3 3 3 3 0 3 3 3 3 3 3 3 3 3 3 
1 1 1 1 1 1 1 1 1 1 1 1 1 1 1 1 1 1 1 1 1 1 1 1 1 1 1 1 1 1 1 1 1 1 1 1 1 0 1 1 1 1 1 1 1 1 1 
3 3 3 3 3 3 3 3 3 3 3 3 3 3 3 3 3 3 3 3 3 3 3 3 3 3 3 3 3 3 3 3 3 3 3 3 3 3 0 3 3 3 3 3 3 3 3 
1 1 1 1 1 1 1 1 1 1 1 1 1 1 1 1 1 1 1 1 1 1 1 1 1 1 1 1 1 1 1 1 1 1 1 1 1 1 1 0 1 1 1 1 1 1 1 
2 2 2 2 2 2 2 2 2 2 2 2 2 2 2 2 2 2 2 2 2 2 2 2 2 2 2 2 2 2 2 2 2 2 2 2 2 2 2 2 0 2 2 2 2 2 2 
3 3 3 3 3 3 3 3 3 3 3 3 3 3 3 3 3 3 3 3 3 3 3 3 3 3 3 3 3 3 3 3 3 3 3 3 3 3 3 3 3 0 3 3 3 3 3 
1 1 1 1 1 1 1 1 1 1 1 1 1 1 1 1 1 1 1 1 1 1 1 1 1 1 1 1 1 1 1 1 1 1 1 1 1 1 1 1 1 1 0 1 1 1 1 
3 3 3 3 3 3 3 3 3 3 3 3 3 3 3 3 3 3 3 3 3 3 3 3 3 3 3 3 3 3 3 3 3 3 3 3 3 3 3 3 3 3 3 0 3 3 3 
1 1 1 1 1 1 1 1 1 1 1 1 1 1 1 1 1 1 1 1 1 1 1 1 1 1 1 1 1 1 1 1 1 1 1 1 1 1 1 1 1 1 1 1 0 1 1 
1 1 1 1 1 1 1 1 1 1 1 1 1 1 1 1 1 1 1 1 1 1 1 1 1 1 1 1 1 1 1 1 1 1 1 1 1 1 1 1 1 1 1 1 1 0 1 
3 3 3 3 3 3 3 3 3 3 3 3 3 3 3 3 3 3 3 3 3 3 3 3 3 3 3 3 3 3 3 3 3 3 3 3 3 3 3 3 3 3 3 3 3 3 0 
Time:
0	15
15	30
30	45
45	60
60	75
75	90
90	105
105	120
120	135
135	150
150	165
165	180
180	195
195	210
210	225
225	240
240	255
255	270
270	285
285	300
300	315
315	330
330	345
345	360
360	375
375	390
390	405
405	420
420	435
435	450
450	465
465	480
480	495
495	510
510	525
525	540
540	555
555	570
570	585
585	600
600	615
615	630
630	645
645	660
660	675
675	690
690	705
705	720
720	735
735	750
750	765
765	780
780	795
795	810
810	825
825	840
840	855
855	870
870	885
885	900
900	915
915	930
930	945
945	960
960	975
975	990
990	1005
1005	1020
1020	1035
1035	1050
1050	1065
1065	1080
1080	5000
Speed:
0.925	0.85	0.925	1	0.8325	0.765	0.8325	0.9	0.4625	0.425	0.4625	0.5	0.30525	0.2805	0.30525	0.33	0.37	0.34	0.37	0.4	0.555	0.51	0.555	0.6	0.6475	0.595	0.6475	0.7	0.37	0.34	0.37	0.4	0.30525	0.2805	0.30525	0.33	0.4625	0.425	0.4625	0.5	0.6475	0.595	0.6475	0.7	0.74	0.68	0.74	0.8	0.6475	0.595	0.6475	0.7	0.4625	0.425	0.4625	0.5	0.555	0.51	0.555	0.6	0.6475	0.595	0.6475	0.7	0.8325	0.765	0.8325	0.9	0.925	0.85	0.925	1	1	
0.925	0.85	0.925	1	0.8325	0.765	0.8325	0.9	0.4625	0.425	0.4625	0.5	0.30525	0.2805	0.30525	0.33	0.37	0.34	0.37	0.4	0.555	0.51	0.555	0.6	0.6475	0.595	0.6475	0.7	0.37	0.34	0.37	0.4	0.30525	0.2805	0.30525	0.33	0.4625	0.425	0.4625	0.5	0.6475	0.595	0.6475	0.7	0.74	0.68	0.74	0.8	0.6475	0.595	0.6475	0.7	0.4625	0.425	0.4625	0.5	0.555	0.51	0.555	0.6	0.6475	0.595	0.6475	0.7	0.8325	0.765	0.8325	0.9	0.925	0.85	0.925	1	1	
0.925	0.85	0.925	1	0.8325	0.765	0.8325	0.9	0.4625	0.425	0.4625	0.5	0.30525	0.2805	0.30525	0.33	0.37	0.34	0.37	0.4	0.555	0.51	0.555	0.6	0.6475	0.595	0.6475	0.7	0.37	0.34	0.37	0.4	0.30525	0.2805	0.30525	0.33	0.4625	0.425	0.4625	0.5	0.6475	0.595	0.6475	0.7	0.74	0.68	0.74	0.8	0.6475	0.595	0.6475	0.7	0.4625	0.425	0.4625	0.5	0.555	0.51	0.555	0.6	0.6475	0.595	0.6475	0.7	0.8325	0.765	0.8325	0.9	0.925	0.85	0.925	1	1	
