51
0 68.62 53.23 60.39 93.58 65.43 99.23 53.57 72.64 69.08 94.32 56.15 71.85 47.78 52.93 70.76 69.45 72.24 73.23 74.02 47.33 72.01 72.17 108.3 62.79 79.23 71.97 73.05 99.34 75.65 63.09 44.58 73.04 73.57 71.02 56.25 61.06 88.18 70.95 68.54 64.04 73.29 77.63 66.06 71.02 61.7 81.87 53.05 55.11 73.58 70.83 
68.62 0 16.28 31.68 24.99 13.26 30.61 15.88 12.76 10.28 26.35 22.72 5.92 34.4 16.25 24.84 9.41 21.95 10.73 8.51 29.28 7.14 23.38 42.94 6.27 13.33 12.78 13.2 30.76 9.9 35.65 27.43 17.35 4.99 15.76 28.73 8.71 20.24 24.9 10.29 52.42 7.84 15.72 10.59 23.43 14.49 13.8 15.97 16.16 13.56 15.29 
53.23 16.28 0 23.19 41.02 12.7 46.46 15.47 25.23 16.04 42.63 12.3 21.05 20.5 16.06 24.04 17.36 23.4 24.43 20.79 14.58 18.78 24.12 58.98 10.04 28.99 19.51 25.74 46.76 22.42 27.87 11.35 21.89 20.95 19.64 18.35 7.92 34.98 24.2 16.89 42.61 20.06 29.72 13.39 23.37 10.48 28.74 15.95 15.38 21.1 18.95 
60.39 31.68 23.19 0 49.65 28.57 53.56 23.4 44.13 29.03 53.32 10.9 37.59 12.62 24.19 13.1 32.9 16.36 42.36 29.13 14.67 28.1 15.38 71.6 27.28 44.37 23.09 44.61 54.58 29.91 4.68 20.12 20.44 33.8 19.83 5.39 24.9 40.82 13.25 33.45 20.75 28.89 47.39 21.33 14.22 17.32 36.81 24.77 19.96 24 34.38 
93.58 24.99 41.02 49.65 0 28.37 5.84 40.63 24.53 25.03 5.28 44.12 22.17 56.47 41.1 37.87 24.13 34.12 22.65 21.55 52.37 23.25 35.5 22.87 31.04 16.43 26.73 24.38 5.76 20.31 52.18 51.69 29.33 20.11 29.83 48.81 33.12 9.32 37.8 25.06 68.82 22.08 20.98 30.56 36.38 35.72 13.13 40.87 40.16 25.67 22.76 
65.43 13.26 12.7 28.57 28.37 0 33.89 12.3 15.56 9.17 29.95 19.22 9.35 30.74 12.74 22.88 4.92 20.36 13.85 9.66 25.57 7.79 21.7 46.66 12.16 17 12.02 16.04 34.12 11.29 32.7 23.75 16.3 8.26 14.4 25.34 5 22.93 22.96 5 49.31 8.9 19.03 8.19 21.57 11.26 16.52 12.51 12.44 13.16 6.57 
99.23 30.61 46.46 53.56 5.84 33.89 0 46.08 30.27 30.42 8.45 48.8 28 61.12 46.59 41.26 29.8 37.57 28.45 26.45 57.29 28.28 38.86 21.6 36.56 22.19 31.08 30.1 11.61 25.06 55.74 56.93 33.12 25.67 33.92 53.15 38.54 12.77 41.17 30.78 72.06 27.05 26.52 35.43 39.84 40.57 18 46.39 45.41 29.86 28.48 
53.57 15.88 15.47 23.4 40.63 12.3 46.08 0 24.82 15.66 42.23 12.5 20.63 20.86 15.68 24.02 16.95 23.31 24.01 20.45 14.97 18.44 24.06 58.56 9.64 28.57 19.26 25.33 46.37 22.09 28.06 11.77 21.71 20.55 19.46 18.59 7.55 34.62 24.17 16.48 42.89 19.72 29.31 13.15 23.32 10.38 28.38 15.57 15 20.86 18.54 
72.64 12.76 25.23 44.13 24.53 15.56 30.27 24.82 0 15.91 23.19 34.49 7.34 45.29 24.74 37.52 11.67 34.47 10.33 19.35 39.64 18.84 35.94 35.71 17.06 8.11 25 9.58 29.68 20.07 48.24 36.42 29.6 13.2 28.25 40.74 19.63 24.6 37.57 10.81 64.86 18.97 5 23.33 36.07 26.81 19.5 24.24 26.54 25.44 10.56 
69.08 10.28 16.04 29.03 25.03 9.17 30.42 15.66 15.91 0 27.03 20.66 8.78 32.69 16.21 21.61 4.25 18.65 13.75 5.88 27.91 11.37 20.1 44.28 6.35 15.42 9.47 16.33 30.75 7.47 32.85 26.7 14.03 5.29 12.46 26.43 8.12 19.16 21.67 5.36 49.72 5.13 18.49 7.72 20.18 12.17 12.79 16.05 15.19 10.3 5.47 
94.32 26.35 42.63 53.32 5.28 29.95 8.45 42.23 23.19 27.03 0 47.01 22.47 59.31 42.59 42.03 25.32 38.27 21.76 24.51 54.86 25.97 39.7 18.39 32.59 15.43 30.24 22.94 7.19 23.5 56.12 53.66 33.29 21.81 33.54 52.07 34.89 14.11 41.97 26 72.93 24.92 18.93 33.36 40.51 38.47 16.52 42.3 42.19 29.36 23.79 
56.15 22.72 12.3 10.9 44.12 19.22 48.8 12.5 34.49 20.66 47.01 0 28.56 12.35 13.29 14.94 23.97 16.08 33 22.59 9.16 21.04 16.09 64.77 17.42 35.97 17.89 34.99 49.53 23.82 15.57 12.06 17.47 25.87 15.78 6.37 14.86 36.18 15.13 24.22 30.85 22.11 38.23 13.65 14.97 8.58 30.99 13.87 9.1 19.3 25.57 
71.85 5.92 21.05 37.59 22.17 9.35 28 20.63 7.34 8.78 22.47 28.56 0 40.05 20.82 30.29 4.7 27.17 4.99 12.06 34.75 11.5 28.65 37.95 11.51 7.94 17.67 7.71 27.83 12.9 41.53 32.39 22.27 6.01 20.96 34.62 14.12 19.66 30.33 4.37 58.33 11.65 9.8 16.42 28.82 20.41 13.71 20.43 21.51 18.1 13.29 
47.78 34.4 20.5 12.62 56.47 30.74 61.12 20.86 45.29 32.69 59.31 12.35 40.05 0 21.23 24.11 35.63 26.5 44.14 34.94 6.09 33.35 25.99 76.95 28.57 47.73 30.11 45.8 61.87 36.17 15.66 11.64 29.1 37.96 27.69 9.07 25.94 48.46 24.29 35.67 24.27 34.45 49.45 25.97 24.77 20.84 43.34 21.82 18.76 31.46 37.28 
52.93 16.25 16.06 24.19 41.1 12.74 46.59 15.68 24.74 16.21 42.59 13.29 20.82 21.23 0 24.99 17.28 24.28 24.03 21.14 15.26 19.12 25.03 58.77 10.06 28.75 20.13 25.25 46.86 22.78 28.86 11.71 22.64 21 20.39 19.31 8.13 35.25 25.14 16.73 43.53 20.4 29.31 14.01 24.29 11.34 28.97 9.65 4.58 21.71 18.85 
70.76 24.84 24.04 13.1 37.87 22.88 41.26 24.02 37.52 21.61 42.03 14.94 30.29 24.11 24.99 0 25.86 14.12 35.28 19.39 23.43 19.1 15.65 60.42 22.82 35.64 12.99 37.93 42.42 19.61 14.52 27 8.89 25.18 9.46 15.05 21.34 28.71 17.76 26.87 30.95 19.43 39.69 14.71 16.23 13.97 25.7 25.4 20.5 13.22 26.99 
69.45 9.41 17.36 32.9 24.13 4.92 29.8 16.95 11.67 4.25 25.32 23.97 4.7 35.63 17.28 25.86 0 22.89 9.57 8.85 30.5 7.71 24.34 41.77 7.39 12.09 13.59 12.1 29.89 10.11 36.84 28.56 18.19 4.42 16.68 29.98 9.89 19.76 25.92 9.07 53.64 8.25 14.5 11.75 24.43 15.73 13.35 16.98 17.35 14.26 9.73 
72.24 21.95 23.4 16.36 34.12 20.36 37.57 23.31 34.47 18.65 38.27 16.08 27.17 26.5 24.28 14.12 22.89 0 32.15 15.89 25.05 15.79 11.99 56.66 20.67 32.17 9.59 34.86 38.7 16 18.18 27.93 5.23 21.84 6.22 17.5 19.53 24.98 14.1 24 34.7 16 36.39 12.4 12.57 12.94 21.95 24.62 20.01 9.63 23.9 
73.23 10.73 24.43 42.36 22.65 13.85 28.45 24.01 10.33 13.75 21.76 33 4.99 44.14 24.03 35.28 9.57 32.15 0 16.85 38.62 16.44 33.64 35.39 15.63 6.35 22.63 9.9 27.97 17.52 46.37 35.74 27.22 10.67 25.94 39.18 18.26 22.16 35.33 8.91 63.1 16.5 5.32 21.32 33.81 25.08 16.93 23.57 25.41 23 8.3 
74.02 8.51 20.79 29.13 21.55 9.66 26.45 20.45 19.35 5.88 24.51 22.59 12.06 34.94 21.14 19.39 8.85 15.89 16.85 0 30.86 12.27 17.42 42.57 11.89 16.28 6.42 19.68 27.05 12.71 32.37 30.62 10.71 6.19 9.97 27.57 13.07 14.3 19.39 10.27 49.36 11 20.64 9.01 17.84 14.17 8.47 21.07 19.2 6.33 9.17 
47.33 29.28 14.58 14.67 52.37 25.57 57.29 14.97 39.64 27.91 54.86 9.16 34.75 6.09 15.26 23.43 30.5 25.05 38.62 30.86 0 29.12 24.89 72.14 23.24 42.56 26.76 40.15 57.91 32.23 18.78 5.96 26.62 33.19 24.88 9.55 20.64 44.85 23.62 30.4 29.93 30.29 43.95 21.86 23.71 16.73 39.33 15.84 13.24 28.24 32.15 
72.01 7.14 18.78 28.1 23.25 7.79 28.28 18.44 18.84 11.37 25.97 21.04 11.5 33.35 19.12 19.1 7.71 15.79 16.44 12.27 29.12 0 17.3 43.86 9.92 16.64 6.21 19.21 28.82 12.98 31.53 28.71 10.78 6.08 9.64 26.24 11.05 16.26 19.12 9.06 48.53 11.98 20.61 7.39 17.58 12.52 10.28 19.06 17.25 6.62 8.35 
72.17 23.38 24.12 15.38 35.5 21.7 38.86 24.06 35.94 20.1 39.7 16.09 28.65 25.99 25.03 15.65 24.34 11.99 33.64 17.42 24.89 17.3 0 58.09 21.9 33.7 11.1 36.34 40.02 17.53 16.92 28.06 6.76 23.35 7.69 16.94 20.65 26.32 15.63 25.43 33.32 17.52 37.91 13.65 14.09 13.76 23.43 25.41 20.67 11.16 25.38 
108.3 42.94 58.98 71.6 22.87 46.66 21.6 58.56 35.71 44.28 18.39 64.77 37.95 76.95 58.77 60.42 41.77 56.66 35.39 42.57 72.14 43.86 58.09 0 49.15 30.03 48.51 35.28 19.91 41.69 74.49 70.28 51.68 39 51.87 70.1 51.65 32.18 60.37 42.1 91.32 42.91 30.7 51.18 58.9 56.19 34.86 58.38 59.1 47.7 40.13 
62.79 6.27 10.04 27.28 31.04 12.16 36.56 9.64 17.06 6.35 32.59 17.42 11.51 28.57 10.06 22.82 7.39 20.67 15.63 11.89 23.24 9.92 21.9 49.15 0 19.34 13.18 17.56 36.8 13.55 31.57 21.17 17.11 10.94 15.03 23.69 14.47 25.5 22.92 7.16 47.93 11.12 20.92 8.26 21.62 10.07 19.12 9.83 10.02 14.51 9.02 
79.23 13.33 28.99 44.37 16.43 17 22.19 28.57 8.11 15.42 15.43 35.97 7.94 47.73 28.75 35.64 12.09 32.17 6.35 16.28 42.56 16.64 33.7 30.03 19.34 0 22.65 7.98 21.65 16.34 48.03 40.32 26.98 10.64 26.19 41.84 21.92 17.25 35.65 12.19 65 16.22 5.51 23.05 34.1 27.57 13.22 28.36 29.36 22.58 10.45 
71.97 12.78 19.51 23.09 26.73 12.02 31.08 19.26 25 9.47 30.24 17.89 17.67 30.11 20.13 12.99 13.59 9.59 22.63 6.42 26.76 6.21 11.1 48.51 13.18 22.65 0 25.38 31.92 6.88 26.1 27.63 4.61 12.25 13.05 22.1 13.08 18.36 13 14.81 43.07 6.44 26.8 6.12 11.45 10.36 13.74 20.25 16.97 9.02 14.45 
73.05 13.2 25.74 44.61 24.38 16.04 30.1 25.33 9.58 16.33 22.94 34.99 7.71 45.8 25.25 37.93 12.1 34.86 9.9 19.68 40.15 19.21 36.34 35.28 17.56 7.98 25.38 0 29.48 20.37 48.71 36.93 29.98 13.51 28.65 41.24 20.14 24.64 37.98 11.26 65.34 19.31 4.58 23.78 36.48 27.29 19.63 24.75 27.05 25.8 10.96 
99.34 30.76 46.76 54.58 5.76 34.12 11.61 46.37 29.68 30.75 7.19 49.53 27.83 61.87 46.86 42.42 29.89 38.7 27.97 27.05 57.91 28.82 40.02 19.91 36.8 21.65 31.92 29.48 0 25.73 56.87 57.38 34.15 25.87 34.85 54.02 38.86 13.76 42.33 30.81 73.28 27.62 25.74 36.06 40.97 41.21 18.58 46.63 45.84 30.75 28.52 
75.65 9.9 22.42 29.91 20.31 11.29 25.06 22.09 20.07 7.47 23.5 23.82 12.9 36.17 22.78 19.61 10.11 16 17.52 12.71 32.23 12.98 17.53 41.69 13.55 16.34 6.88 20.37 25.73 0 32.98 32.15 10.77 6.9 10.37 28.6 14.73 12.76 19.6 11.56 49.94 12.59 20.99 10.37 18.05 15.5 7.17 22.73 20.76 6.38 10.23 
63.09 35.65 27.87 4.68 52.18 32.7 55.74 28.06 48.24 32.85 56.12 15.57 41.53 15.66 28.86 14.52 36.84 18.18 46.37 32.37 18.78 31.53 16.92 74.49 31.57 48.03 26.1 48.71 56.87 32.98 0 24.45 22.86 37.4 22.65 9.95 29.27 43.12 14.62 37.49 17 32.2 51.31 25.13 15.91 21.52 39.63 29.44 24.61 26.8 38.27 
44.58 27.43 11.35 20.12 51.69 23.75 56.93 11.77 36.42 26.7 53.66 12.06 32.39 11.64 11.71 27 28.56 27.93 35.74 30.62 5.96 28.71 28.06 70.28 21.17 40.32 27.63 36.93 57.38 32.15 24.45 0 28.46 31.85 26.45 14.77 18.77 44.91 27.18 28.18 35.81 29.97 41.02 21.99 26.98 17.27 38.97 12.19 11.53 29.21 30.18 
73.04 17.35 21.89 20.44 29.33 16.3 33.12 21.71 29.6 14.03 33.29 17.47 22.27 29.1 22.64 8.89 18.19 5.23 27.22 10.71 26.62 10.78 6.76 51.68 17.11 26.98 4.61 29.98 34.15 10.77 22.86 28.46 0 16.75 8.59 20.47 16.52 20.38 8.87 19.39 39.64 10.87 31.3 9.13 7.34 11.68 16.86 22.88 18.88 4.41 19.06 
73.57 4.99 20.95 33.8 20.11 8.26 25.67 20.55 13.2 5.29 21.81 25.87 6.01 37.96 21 25.18 4.42 21.84 10.67 6.19 33.19 6.08 23.35 39 10.94 10.64 12.25 13.51 25.87 6.9 37.4 31.85 16.75 0 15.72 31.5 13.11 15.34 25.2 5.73 54.38 5.9 14.56 12.55 23.66 17.32 8.94 20.76 20.39 12.44 10.76 
71.02 15.76 19.64 19.83 29.83 14.4 33.92 19.46 28.25 12.46 33.54 15.78 20.96 27.69 20.39 9.46 16.68 6.22 25.94 9.97 24.88 9.64 7.69 51.87 15.03 26.19 13.05 28.65 34.85 10.37 22.65 26.45 8.59 15.72 0 19.3 14.33 21.15 9.48 17.81 39.59 9.97 30.25 6.93 7.94 9.5 17.02 20.62 16.66 4.18 17.69 
56.25 28.73 18.35 5.39 48.81 25.34 53.15 18.59 40.74 26.43 52.07 6.37 34.62 9.07 19.31 15.05 29.98 17.5 39.18 27.57 9.55 26.24 16.94 70.1 23.69 41.84 22.1 41.24 54.02 28.6 9.95 14.77 20.47 31.5 19.3 0 21.17 40.4 15.23 30.33 24.49 27.2 44.37 19 15.71 14.28 35.73 19.91 15.36 23.3 31.55 
61.06 8.71 7.92 24.9 33.12 5 38.54 7.55 19.63 8.12 34.89 14.86 14.12 25.94 8.13 21.34 9.89 19.53 18.26 13.07 20.64 11.05 20.65 51.65 14.47 21.92 13.08 20.14 38.86 14.73 29.27 18.77 16.52 13.11 14.33 21.17 0 27.12 21.45 9.76 45.48 12.32 23.55 7.4 20.24 7.94 20.84 8.02 7.46 14.55 11.54 
88.18 20.24 34.98 40.82 9.32 22.93 12.77 34.62 24.6 19.16 14.11 36.18 19.66 48.46 35.25 28.71 19.76 24.98 22.16 14.3 44.85 16.26 26.32 32.18 25.5 17.25 18.36 24.64 13.76 12.76 43.12 44.91 20.38 15.34 21.15 40.4 27.12 0 28.63 21.03 59.63 14.99 22.72 23.06 27.25 28.13 6.45 35.13 33.5 17.1 18.86 
70.95 24.9 24.2 13.25 37.8 22.96 41.17 24.17 37.57 21.67 41.97 15.13 30.33 24.29 25.14 17.76 25.92 14.1 35.33 19.39 23.62 19.12 15.63 60.37 22.92 35.65 13 37.98 42.33 19.6 14.62 27.18 8.87 25.2 9.48 15.23 21.45 28.63 0 26.94 31.02 19.44 39.72 14.8 16.2 14.11 25.66 25.56 20.66 13.21 27.04 
68.54 10.29 16.89 33.45 25.06 5 30.78 16.48 10.81 5.36 26 24.22 4.37 35.67 16.73 26.87 9.07 24 8.91 10.27 30.4 9.06 25.43 42.1 7.16 12.19 14.81 11.26 30.81 11.56 37.49 28.18 19.39 5.73 17.81 30.33 9.76 21.03 26.94 0 54.19 9.66 14.04 12.53 25.46 16.18 14.65 16.39 17.17 15.56 10.84 
64.04 52.42 42.61 20.75 68.82 49.31 72.06 42.89 64.86 49.72 72.93 30.85 58.33 24.27 43.53 30.95 53.64 34.7 63.1 49.36 29.93 48.53 33.32 91.32 47.93 65 43.07 65.34 73.28 49.94 17 35.81 39.64 54.38 39.59 24.49 45.48 59.63 31.02 54.19 0 49.2 68.13 42.01 32.45 38.05 56.49 44.14 39.81 43.71 55.11 
73.29 7.84 20.06 28.89 22.08 8.9 27.05 19.72 18.97 5.13 24.92 22.11 11.65 34.45 20.4 19.43 8.25 16 16.5 11 30.29 11.98 17.52 42.91 11.12 16.22 6.44 19.31 27.62 12.59 32.2 29.97 10.87 5.9 9.97 27.2 12.32 14.99 19.44 9.66 49.2 0 20.44 8.49 17.89 13.64 9.06 20.33 18.52 6.54 8.66 
77.63 15.72 29.72 47.39 20.98 19.03 26.52 29.31 5 18.49 18.93 38.23 9.8 49.45 29.31 39.69 14.5 36.39 5.32 20.64 43.95 20.61 37.91 30.7 20.92 5.51 26.8 4.58 25.74 20.99 51.31 41.02 31.3 14.56 30.25 44.37 23.55 22.72 39.72 14.04 68.13 20.44 0 26.18 38.18 30.19 18.64 28.83 30.73 26.96 13.04 
66.06 10.59 13.39 21.33 30.56 8.19 35.43 13.15 23.33 7.72 33.36 13.65 16.42 25.97 14.01 14.71 11.75 12.4 21.32 9.01 21.86 7.39 13.65 51.18 8.26 23.05 6.12 23.78 36.06 10.37 25.13 21.99 9.13 12.55 6.93 19 7.4 23.06 14.8 12.53 42.01 8.49 26.18 0 13.43 5.16 17.48 14.15 10.96 7.71 13.14 
71.02 23.43 23.37 14.22 36.38 21.57 39.84 23.32 36.07 20.18 40.51 14.97 28.82 24.77 24.29 16.23 24.43 12.57 33.81 17.84 23.71 17.58 14.09 58.9 21.62 34.1 11.45 36.48 40.97 18.05 15.91 26.98 7.34 23.66 7.94 15.71 20.24 27.25 16.2 25.46 32.45 17.89 38.18 13.43 0 13.1 24.16 24.68 19.87 11.67 25.53 
61.7 14.49 10.48 17.32 35.72 11.26 40.57 10.38 26.81 12.17 38.47 8.58 20.41 20.84 11.34 13.97 15.73 12.94 25.08 14.17 16.73 12.52 13.76 56.19 10.07 27.57 10.36 27.29 41.21 15.5 21.52 17.27 11.68 17.32 9.5 14.28 7.94 28.13 14.11 16.18 38.05 13.64 30.19 5.16 13.1 0 22.63 11.68 7.24 11.94 17.28 
81.87 13.8 28.74 36.81 13.13 16.52 18 28.38 19.5 12.79 16.52 30.99 13.71 43.34 28.97 25.7 13.35 21.95 16.93 8.47 39.33 10.28 23.43 34.86 19.12 13.22 13.74 19.63 18.58 7.17 39.63 38.97 16.86 8.94 17.02 35.73 20.84 6.45 25.66 14.65 56.49 9.06 18.64 17.48 24.16 22.63 0 28.83 27.48 12.84 12.54 
53.05 15.97 15.95 24.77 40.87 12.51 46.39 15.57 24.24 16.05 42.3 13.87 20.43 21.82 9.65 25.4 16.98 24.62 23.57 21.07 15.84 19.06 25.41 58.38 9.83 28.36 20.25 24.75 46.63 22.73 29.44 12.19 22.88 20.76 20.62 19.91 8.02 35.13 25.56 16.39 44.14 20.33 28.83 14.15 24.68 11.68 28.83 0 5.08 21.83 18.53 
55.11 16.16 15.38 19.96 40.16 12.44 45.41 15 26.54 15.19 42.19 9.1 21.51 18.76 4.58 20.5 17.35 20.01 25.41 19.2 13.24 17.25 20.67 59.1 10.02 29.36 16.97 27.05 45.84 20.76 24.61 11.53 18.88 20.39 16.66 15.36 7.46 33.5 20.66 17.17 39.81 18.52 30.73 10.96 19.87 7.24 27.48 5.08 0 18.58 19 
73.58 13.56 21.1 24 25.67 13.16 29.86 20.86 25.44 10.3 29.36 19.3 18.1 31.46 21.71 13.22 14.26 9.63 23 6.33 28.24 6.62 11.16 47.7 14.51 22.58 9.02 25.8 30.75 6.38 26.8 29.21 4.41 12.44 4.18 23.3 14.55 17.1 13.21 15.56 43.71 6.54 26.96 7.71 11.67 11.94 12.84 21.83 18.58 0 14.98 
70.83 15.29 18.95 34.38 22.76 6.57 28.48 18.54 10.56 5.47 23.79 25.57 13.29 37.28 18.85 26.99 9.73 23.9 8.3 9.17 32.15 8.35 25.38 40.13 9.02 10.45 14.45 10.96 28.52 10.23 38.27 30.18 19.06 10.76 17.69 31.55 11.54 18.86 27.04 10.84 55.11 8.66 13.04 13.14 25.53 17.28 12.54 18.53 19 14.98 0 
0	5000
0	116
0	137
0	166
0	297
0	363
0	421
0	516
0	590
0	626
0	672
0	739
0	779
0	850
0	893
0	938
0	979
0	1010
0	1050
0	1068
0	1103
0	1132
0	1150
0	1208
0	1257
0	1276
0	1299
0	1324
0	1354
0	1379
0	1412
0	1437
0	1465
0	1482
0	1498
0	1517
0	1538
0	1565
0	1594
0	1621
0	1675
0	1724
0	1745
0	1771
0	1784
0	1798
0	1820
0	1849
0	1854
0	1873
0	1888
C:
0 3 3 3 3 3 3 3 3 3 3 3 3 3 3 3 3 3 3 3 3 3 3 3 3 3 3 3 3 3 3 3 3 3 3 3 3 3 3 3 3 3 3 3 3 3 3 3 3 3 3 3 
1 0 1 1 1 1 1 1 1 1 1 1 1 1 1 1 1 1 1 1 1 1 1 1 1 1 1 1 1 1 1 1 1 1 1 1 1 1 1 1 1 1 1 1 1 1 1 1 1 1 1 1 
2 2 0 2 2 2 2 2 2 2 2 2 2 2 2 2 2 2 2 2 2 2 2 2 2 2 2 2 2 2 2 2 2 2 2 2 2 2 2 2 2 2 2 2 2 2 2 2 2 2 2 2 
3 3 3 0 3 3 3 3 3 3 3 3 3 3 3 3 3 3 3 3 3 3 3 3 3 3 3 3 3 3 3 3 3 3 3 3 3 3 3 3 3 3 3 3 3 3 3 3 3 3 3 3 
2 2 2 2 0 2 2 2 2 2 2 2 2 2 2 2 2 2 2 2 2 2 2 2 2 2 2 2 2 2 2 2 2 2 2 2 2 2 2 2 2 2 2 2 2 2 2 2 2 2 2 2 
1 1 1 1 1 0 1 1 1 1 1 1 1 1 1 1 1 1 1 1 1 1 1 1 1 1 1 1 1 1 1 1 1 1 1 1 1 1 1 1 1 1 1 1 1 1 1 1 1 1 1 1 
3 3 3 3 3 3 0 3 3 3 3 3 3 3 3 3 3 3 3 3 3 3 3 3 3 3 3 3 3 3 3 3 3 3 3 3 3 3 3 3 3 3 3 3 3 3 3 3 3 3 3 3 
2 2 2 2 2 2 2 0 2 2 2 2 2 2 2 2 2 2 2 2 2 2 2 2 2 2 2 2 2 2 2 2 2 2 2 2 2 2 2 2 2 2 2 2 2 2 2 2 2 2 2 2 
2 2 2 2 2 2 2 2 0 2 2 2 2 2 2 2 2 2 2 2 2 2 2 2 2 2 2 2 2 2 2 2 2 2 2 2 2 2 2 2 2 2 2 2 2 2 2 2 2 2 2 2 
1 1 1 1 1 1 1 1 1 0 1 1 1 1 1 1 1 1 1 1 1 1 1 1 1 1 1 1 1 1 1 1 1 1 1 1 1 1 1 1 1 1 1 1 1 1 1 1 1 1 1 1 
3 3 3 3 3 3 3 3 3 3 0 3 3 3 3 3 3 3 3 3 3 3 3 3 3 3 3 3 3 3 3 3 3 3 3 3 3 3 3 3 3 3 3 3 3 3 3 3 3 3 3 3 
2 2 2 2 2 2 2 2 2 2 2 0 2 2 2 2 2 2 2 2 2 2 2 2 2 2 2 2 2 2 2 2 2 2 2 2 2 2 2 2 2 2 2 2 2 2 2 2 2 2 2 2 
1 1 1 1 1 1 1 1 1 1 1 1 0 1 1 1 1 1 1 1 1 1 1 1 1 1 1 1 1 1 1 1 1 1 1 1 1 1 1 1 1 1 1 1 1 1 1 1 1 1 1 1 
3 3 3 3 3 3 3 3 3 3 3 3 3 0 3 3 3 3 3 3 3 3 3 3 3 3 3 3 3 3 3 3 3 3 3 3 3 3 3 3 3 3 3 3 3 3 3 3 3 3 3 3 
2 2 2 2 2 2 2 2 2 2 2 2 2 2 0 2 2 2 2 2 2 2 2 2 2 2 2 2 2 2 2 2 2 2 2 2 2 2 2 2 2 2 2 2 2 2 2 2 2 2 2 2 
2 2 2 2 2 2 2 2 2 2 2 2 2 2 2 0 2 2 2 2 2 2 2 2 2 2 2 2 2 2 2 2 2 2 2 2 2 2 2 2 2 2 2 2 2 2 2 2 2 2 2 2 
1 1 1 1 1 1 1 1 1 1 1 1 1 1 1 1 0 1 1 1 1 1 1 1 1 1 1 1 1 1 1 1 1 1 1 1 1 1 1 1 1 1 1 1 1 1 1 1 1 1 1 1 
2 2 2 2 2 2 2 2 2 2 2 2 2 2 2 2 2 0 2 2 2 2 2 2 2 2 2 2 2 2 2 2 2 2 2 2 2 2 2 2 2 2 2 2 2 2 2 2 2 2 2 2 
1 1 1 1 1 1 1 1 1 1 1 1 1 1 1 1 1 1 0 1 1 1 1 1 1 1 1 1 1 1 1 1 1 1 1 1 1 1 1 1 1 1 1 1 1 1 1 1 1 1 1 1 
1 1 1 1 1 1 1 1 1 1 1 1 1 1 1 1 1 1 1 0 1 1 1 1 1 1 1 1 1 1 1 1 1 1 1 1 1 1 1 1 1 1 1 1 1 1 1 1 1 1 1 1 
3 3 3 3 3 3 3 3 3 3 3 3 3 3 3 3 3 3 3 3 0 3 3 3 3 3 3 3 3 3 3 3 3 3 3 3 3 3 3 3 3 3 3 3 3 3 3 3 3 3 3 3 
1 1 1 1 1 1 1 1 1 1 1 1 1 1 1 1 1 1 1 1 1 0 1 1 1 1 1 1 1 1 1 1 1 1 1 1 1 1 1 1 1 1 1 1 1 1 1 1 1 1 1 1 
2 2 2 2 2 2 2 2 2 2 2 2 2 2 2 2 2 2 2 2 2 2 0 2 2 2 2 2 2 2 2 2 2 2 2 2 2 2 2 2 2 2 2 2 2 2 2 2 2 2 2 2 
3 3 3 3 3 3 3 3 3 3 3 3 3 3 3 3 3 3 3 3 3 3 3 0 3 3 3 3 3 3 3 3 3 3 3 3 3 3 3 3 3 3 3 3 3 3 3 3 3 3 3 3 
1 1 1 1 1 1 1 1 1 1 1 1 1 1 1 1 1 1 1 1 1 1 1 1 0 1 1 1 1 1 1 1 1 1 1 1 1 1 1 1 1 1 1 1 1 1 1 1 1 1 1 1 
2 2 2 2 2 2 2 2 2 2 2 2 2 2 2 2 2 2 2 2 2 2 2 2 2 0 2 2 2 2 2 2 2 2 2 2 2 2 2 2 2 2 2 2 2 2 2 2 2 2 2 2 
1 1 1 1 1 1 1 1 1 1 1 1 1 1 1 1 1 1 1 1 1 1 1 1 1 1 0 1 1 1 1 1 1 1 1 1 1 1 1 1 1 1 1 1 1 1 1 1 1 1 1 1 
2 2 2 2 2 2 2 2 2 2 2 2 2 2 2 2 2 2 2 2 2 2 2 2 2 2 2 0 2 2 2 2 2 2 2 2 2 2 2 2 2 2 2 2 2 2 2 2 2 2 2 2 
3 3 3 3 3 3 3 3 3 3 3 3 3 3 3 3 3 3 3 3 3 3 3 3 3 3 3 3 0 3 3 3 3 3 3 3 3 3 3 3 3 3 3 3 3 3 3 3 3 3 3 3 
1 1 1 1 1 1 1 1 1 1 1 1 1 1 1 1 1 1 1 1 1 1 1 1 1 1 1 1 1 0 1 1 1 1 1 1 1 1 1 1 1 1 1 1 1 1 1 1 1 1 1 1 
3 3 3 3 3 3 3 3 3 3 3 3 3 3 3 3 3 3 3 3 3 3 3 3 3 3 3 3 3 3 0 3 3 3 3 3 3 3 3 3 3 3 3 3 3 3 3 3 3 3 3 3 
3 3 3 3 3 3 3 3 3 3 3 3 3 3 3 3 3 3 3 3 3 3 3 3 3 3 3 3 3 3 3 0 3 3 3 3 3 3 3 3 3 3 3 3 3 3 3 3 3 3 3 3 
1 1 1 1 1 1 1 1 1 1 1 1 1 1 1 1 1 1 1 1 1 1 1 1 1 1 1 1 1 1 1 1 0 1 1 1 1 1 1 1 1 1 1 1 1 1 1 1 1 1 1 1 
1 1 1 1 1 1 1 1 1 1 1 1 1 1 1 1 1 1 1 1 1 1 1 1 1 1 1 1 1 1 1 1 1 0 1 1 1 1 1 1 1 1 1 1 1 1 1 1 1 1 1 1 
1 1 1 1 1 1 1 1 1 1 1 1 1 1 1 1 1 1 1 1 1 1 1 1 1 1 1 1 1 1 1 1 1 1 0 1 1 1 1 1 1 1 1 1 1 1 1 1 1 1 1 1 
3 3 3 3 3 3 3 3 3 3 3 3 3 3 3 3 3 3 3 3 3 3 3 3 3 3 3 3 3 3 3 3 3 3 3 0 3 3 3 3 3 3 3 3 3 3 3 3 3 3 3 3 
1 1 1 1 1 1 1 1 1 1 1 1 1 1 1 1 1 1 1 1 1 1 1 1 1 1 1 1 1 1 1 1 1 1 1 1 0 1 1 1 1 1 1 1 1 1 1 1 1 1 1 1 
2 2 2 2 2 2 2 2 2 2 2 2 2 2 2 2 2 2 2 2 2 2 2 2 2 2 2 2 2 2 2 2 2 2 2 2 2 0 2 2 2 2 2 2 2 2 2 2 2 2 2 2 
2 2 2 2 2 2 2 2 2 2 2 2 2 2 2 2 2 2 2 2 2 2 2 2 2 2 2 2 2 2 2 2 2 2 2 2 2 2 0 2 2 2 2 2 2 2 2 2 2 2 2 2 
1 1 1 1 1 1 1 1 1 1 1 1 1 1 1 1 1 1 1 1 1 1 1 1 1 1 1 1 1 1 1 1 1 1 1 1 1 1 1 0 1 1 1 1 1 1 1 1 1 1 1 1 
3 3 3 3 3 3 3 3 3 3 3 3 3 3 3 3 3 3 3 3 3 3 3 3 3 3 3 3 3 3 3 3 3 3 3 3 3 3 3 3 0 3 3 3 3 3 3 3 3 3 3 3 
1 1 1 1 1 1 1 1 1 1 1 1 1 1 1 1 1 1 1 1 1 1 1 1 1 1 1 1 1 1 1 1 1 1 1 1 1 1 1 1 1 0 1 1 1 1 1 1 1 1 1 1 
2 2 2 2 2 2 2 2 2 2 2 2 2 2 2 2 2 2 2 2 2 2 2 2 2 2 2 2 2 2 2 2 2 2 2 2 2 2 2 2 2 2 0 2 2 2 2 2 2 2 2 2 
1 1 1 1 1 1 1 1 1 1 1 1 1 1 1 1 1 1 1 1 1 1 1 1 1 1 1 1 1 1 1 1 1 1 1 1 1 1 1 1 1 1 1 0 1 1 1 1 1 1 1 1 
2 2 2 2 2 2 2 2 2 2 2 2 2 2 2 2 2 2 2 2 2 2 2 2 2 2 2 2 2 2 2 2 2 2 2 2 2 2 2 2 2 2 2 2 0 2 2 2 2 2 2 2 
1 1 1 1 1 1 1 1 1 1 1 1 1 1 1 1 1 1 1 1 1 1 1 1 1 1 1 1 1 1 1 1 1 1 1 1 1 1 1 1 1 1 1 1 1 0 1 1 1 1 1 1 
1 1 1 1 1 1 1 1 1 1 1 1 1 1 1 1 1 1 1 1 1 1 1 1 1 1 1 1 1 1 1 1 1 1 1 1 1 1 1 1 1 1 1 1 1 1 0 1 1 1 1 1 
2 2 2 2 2 2 2 2 2 2 2 2 2 2 2 2 2 2 2 2 2 2 2 2 2 2 2 2 2 2 2 2 2 2 2 2 2 2 2 2 2 2 2 2 2 2 2 0 2 2 2 2 
2 2 2 2 2 2 2 2 2 2 2 2 2 2 2 2 2 2 2 2 2 2 2 2 2 2 2 2 2 2 2 2 2 2 2 2 2 2 2 2 2 2 2 2 2 2 2 2 0 2 2 2 
1 1 1 1 1 1 1 1 1 1 1 1 1 1 1 1 1 1 1 1 1 1 1 1 1 1 1 1 1 1 1 1 1 1 1 1 1 1 1 1 1 1 1 1 1 1 1 1 1 0 1 1 
1 1 1 1 1 1 1 1 1 1 1 1 1 1 1 1 1 1 1 1 1 1 1 1 1 1 1 1 1 1 1 1 1 1 1 1 1 1 1 1 1 1 1 1 1 1 1 1 1 1 0 1 
3 3 3 3 3 3 3 3 3 3 3 3 3 3 3 3 3 3 3 3 3 3 3 3 3 3 3 3 3 3 3 3 3 3 3 3 3 3 3 3 3 3 3 3 3 3 3 3 3 3 3 0 
Time:
0	15
15	30
30	45
45	60
60	75
75	90
90	105
105	120
120	135
135	150
150	165
165	180
180	195
195	210
210	225
225	240
240	255
255	270
270	285
285	300
300	315
315	330
330	345
345	360
360	375
375	390
390	405
405	420
420	435
435	450
450	465
465	480
480	495
495	510
510	525
525	540
540	555
555	570
570	585
585	600
600	615
615	630
630	645
645	660
660	675
675	690
690	705
705	720
720	735
735	750
750	765
765	780
780	795
795	810
810	825
825	840
840	855
855	870
870	885
885	900
900	915
915	930
930	945
945	960
960	975
975	990
990	1005
1005	1020
1020	1035
1035	1050
1050	1065
1065	1080
1080	5000
Speed:
0.925	0.85	0.925	1	0.8325	0.765	0.8325	0.9	0.4625	0.425	0.4625	0.5	0.30525	0.2805	0.30525	0.33	0.37	0.34	0.37	0.4	0.555	0.51	0.555	0.6	0.6475	0.595	0.6475	0.7	0.37	0.34	0.37	0.4	0.30525	0.2805	0.30525	0.33	0.4625	0.425	0.4625	0.5	0.6475	0.595	0.6475	0.7	0.74	0.68	0.74	0.8	0.6475	0.595	0.6475	0.7	0.4625	0.425	0.4625	0.5	0.555	0.51	0.555	0.6	0.6475	0.595	0.6475	0.7	0.8325	0.765	0.8325	0.9	0.925	0.85	0.925	1	1	
0.925	0.85	0.925	1	0.8325	0.765	0.8325	0.9	0.4625	0.425	0.4625	0.5	0.30525	0.2805	0.30525	0.33	0.37	0.34	0.37	0.4	0.555	0.51	0.555	0.6	0.6475	0.595	0.6475	0.7	0.37	0.34	0.37	0.4	0.30525	0.2805	0.30525	0.33	0.4625	0.425	0.4625	0.5	0.6475	0.595	0.6475	0.7	0.74	0.68	0.74	0.8	0.6475	0.595	0.6475	0.7	0.4625	0.425	0.4625	0.5	0.555	0.51	0.555	0.6	0.6475	0.595	0.6475	0.7	0.8325	0.765	0.8325	0.9	0.925	0.85	0.925	1	1	
0.925	0.85	0.925	1	0.8325	0.765	0.8325	0.9	0.4625	0.425	0.4625	0.5	0.30525	0.2805	0.30525	0.33	0.37	0.34	0.37	0.4	0.555	0.51	0.555	0.6	0.6475	0.595	0.6475	0.7	0.37	0.34	0.37	0.4	0.30525	0.2805	0.30525	0.33	0.4625	0.425	0.4625	0.5	0.6475	0.595	0.6475	0.7	0.74	0.68	0.74	0.8	0.6475	0.595	0.6475	0.7	0.4625	0.425	0.4625	0.5	0.555	0.51	0.555	0.6	0.6475	0.595	0.6475	0.7	0.8325	0.765	0.8325	0.9	0.925	0.85	0.925	1	1	
