61
0 68.96 73.63 72.5 65.43 68.1 53.25 45.03 80.09 93.99 72.53 81.06 47.49 87.89 67.26 69.58 63 59.85 59.07 88.58 86.84 55.93 96.88 53 68.75 74.35 85.22 61.95 83.32 58.81 74.36 60.42 100.19 74.02 86.65 58.62 96.71 74.45 58.45 48.77 73.72 76.01 86.5 74.42 90.82 72.87 44.59 57.69 81.89 102.1 70.88 59.94 68.84 70.91 71.68 68.05 66.58 73.82 71.05 104.81 72.53 
68.96 0 24.8 12.32 26.6 11.03 22.68 30.31 13.36 25.61 7.49 16.15 22.13 19.58 17.13 11.46 26.75 9.14 9.98 25.69 17.93 13.04 27.99 16.21 6.51 12.45 23.13 11.85 24.4 33.28 9.52 32.05 31.22 22.28 33.52 10.34 28.14 12.94 11.9 35.22 15.79 10 31.07 22.25 21.95 7.02 29.92 30.91 14.32 36.57 31.24 18.53 44.76 13.28 15.74 11.45 35.21 7.97 7.36 41.13 18.33 
73.63 24.8 0 36.91 8.95 26.81 20.88 28.61 19.76 39.54 18.28 37.96 30.02 26.56 9.11 21.99 11.27 25.9 25.68 46.78 29.06 27.87 35.56 27.7 31.3 13.8 45.17 17.7 47.62 18.16 33.24 16.17 39.57 15.66 57.31 26.92 40.73 13.31 22.58 26.63 9.71 18.46 54.55 15.65 31.08 19.09 29.09 17.67 21.85 53.46 8.15 14.96 23.06 38.06 9.11 26.4 14.48 18.73 31.97 59.21 6.56 
72.5 12.32 36.91 0 38.86 10.63 33.15 39.52 21.64 23.03 18.82 8.75 29.29 23.99 29.45 14.99 38.88 17.27 18.21 16.49 20.52 19.91 29.13 23.56 6.34 23.75 13.27 23.42 13.06 45.06 4.62 43.97 31.13 34.29 21.43 17.7 25.91 24.27 21.71 45.73 27.54 19.93 19.23 34.21 24.06 18.08 38.91 42.57 21.33 29.64 43.54 30.18 57 11.17 27.8 11.04 47.46 18.7 4.97 32.89 30.37 
65.43 26.6 8.95 38.86 0 28.24 14.22 20.66 25.86 45.88 21.9 41.77 24.55 33.6 9.73 24.17 13.31 24.5 23.97 51.1 35.43 25.23 43.06 23.9 32.68 18.82 49.02 16.18 50.83 9.41 35.95 7.47 47.08 10.64 60.11 25.15 47.43 18.46 20.17 17.74 15.19 23.39 57.61 11.07 38.04 22.76 21.29 8.72 28.13 59.39 6.59 10.48 18.16 39.55 13.45 27.83 8.6 22.81 33.94 64.85 11.98 
68.1 11.03 26.81 10.63 28.24 0 23.33 30.58 15.3 26.07 9.67 15.49 21.75 21.07 18.92 5.01 28.25 8.65 9.57 24.94 19.09 12.37 29.1 15.77 4.52 14.62 22.2 12.94 23.14 34.55 8.48 33.4 32.18 24.34 32.01 9.67 28.71 15.11 12.15 35.94 17.92 12.09 29.67 24.33 23.12 9.18 30.13 32.11 16.1 36.38 33.07 19.7 46.37 11.39 17.79 9.46 36.83 10.12 5.79 40.71 20.39 
53.25 22.68 20.88 33.15 14.22 23.33 0 8.81 29.07 47.18 22.21 38.77 10.61 37.41 14.06 21.51 12.23 16.02 15.13 48.27 37.7 14.64 47.09 11.89 26.9 22.28 45.52 11.26 46.15 14.1 31.81 14 50.9 20.88 54.3 15.93 49.37 22.24 11.44 12.62 20.8 25.26 52.33 21.26 41.25 22.86 8.92 11.39 31.23 59.11 20.76 6.77 28.21 33.07 18.68 23.02 20.11 23.52 28.87 63.8 19.3 
45.03 30.31 28.61 39.52 20.66 30.58 8.81 0 37.8 55.44 30.78 46.03 11.43 46.12 22.71 29.56 18.28 22.36 21.4 55.37 46.24 19.72 55.77 16.16 33.56 31.08 52.43 19.65 52.56 16.24 38.89 17.21 59.54 29.05 59.98 21.82 57.74 31.05 18.45 8.69 29.56 33.93 58.31 29.45 49.87 31.38 17.73 14.17 39.93 66.88 26.64 15.53 29.9 39.06 27.43 30.33 23.9 32.1 35.73 71.29 27.88 
80.09 13.36 19.76 21.64 25.86 15.3 29.07 37.8 0 20.04 7.57 19.55 32.6 8.36 16.96 11.4 27.18 21.14 21.69 27.54 9.57 24.95 18.08 27.31 18.32 7.24 26.39 18.43 29.48 34.76 17.1 33.01 21.98 16.9 39.35 22.49 21.59 7.5 21.65 40.09 10.7 11.96 36.35 16.61 12.46 7.34 37.74 33.11 14.41 33.78 27.81 22.75 42.69 23.48 12.45 15.06 33.61 6.33 17.59 39.46 14.03 
93.99 25.61 39.54 23.03 45.88 26.07 47.18 55.44 20.04 0 25.2 14.55 47.72 13.36 36.71 25.91 47.11 34.65 35.53 14.35 10.51 38.44 9.09 41.77 25.34 27.1 15.88 35.92 20.2 54.63 19.95 52.94 8.98 36.74 28.26 35.74 15.59 27.43 37.35 59.11 30.74 22.75 25.12 36.41 9.1 24.46 55.16 52.83 17.81 14.09 47.68 41.58 62.59 25.12 32.44 26.18 53.63 23.97 23.11 20.09 34.07 
72.53 7.49 18.28 18.82 21.9 9.67 22.21 30.78 7.57 25.2 0 20 25.05 15.54 12.21 4.78 22.65 13.78 14.26 29.22 15.49 17.5 25.04 19.75 13.77 5.02 27.26 11.16 29.44 29.91 14.97 28.37 28.77 15.56 39.06 15.14 27.25 5.53 14.09 33.91 8.73 9.74 36.34 15.45 19.09 9.22 30.63 27.89 9.4 37.97 25.48 16.39 39.8 20.17 9.24 9.31 30.32 10.1 13.98 43.2 11.72 
81.06 16.15 37.96 8.75 41.77 15.49 38.77 46.03 19.55 14.55 20 0 36.63 18.75 32.04 17.93 42.28 23.79 24.75 9.54 14.72 27.07 21.64 30.7 12.84 24.16 7.27 27.99 9.93 49.17 7.19 47.81 23.08 35.14 19.8 24.56 17.42 24.66 27.63 51.35 28.25 19.56 16.82 34.96 17.44 19.13 45.54 46.89 18.34 21.37 45.44 34.59 59.78 10.71 29.16 15.77 50.27 19.31 10.51 25.29 31.51 
47.49 22.13 30.02 29.29 24.55 21.75 10.61 11.43 32.6 47.72 25.05 36.63 0 40.45 21.68 22.3 22.73 13.11 12.2 45.6 39.64 9.56 49.62 5.99 23.81 27.12 42.49 14.75 42.14 24.29 29.45 24.45 53.09 29.34 49.02 12.14 50.27 27.28 10.97 19.61 27.15 28.52 47.54 29.65 43.56 25.39 10.56 21.66 34.41 57.92 31.14 15.07 38.52 28.53 25.31 21.6 30.71 26.33 26.12 61.86 26.77 
87.89 19.58 26.56 23.99 33.6 21.07 37.41 46.12 8.36 13.36 15.54 18.75 40.45 0 25.13 18.41 35.11 28.3 28.98 24.34 13.51 32.22 9.73 34.92 22.76 15.49 24.21 26.64 28.07 42.73 19.48 40.92 13.67 23.83 37.64 29.61 14.21 15.68 29.49 48.4 18.49 12.21 34.47 23.48 4.52 15.09 46.04 41.21 6.2 27.45 34.71 31.11 49.6 26.13 20.44 20.95 40.9 14.22 21.28 33.44 21.63 
67.26 17.13 9.11 29.45 9.73 18.92 14.06 22.71 16.96 36.71 12.21 32.04 21.68 25.13 0 14.57 10.49 16.87 16.61 41.38 26.42 18.77 34.83 18.75 23.43 9.72 39.3 8.59 41.17 17.92 26.33 16.28 38.8 7.76 50.54 17.85 38.46 9.47 13.48 23.43 7.03 13.99 47.98 8.03 29.4 13.06 22.93 16.16 19.25 49.96 14.17 7.31 27.79 30.3 4.89 18.5 18.25 13.17 24.49 55.32 5.28 
69.58 11.46 21.99 14.99 24.17 5.01 21.51 29.56 11.4 25.91 4.78 17.93 22.3 18.41 14.57 0 24.48 9.9 10.58 27.45 17.34 13.81 27.34 16.59 9.36 9.64 25.08 10.32 26.67 31.24 11.78 29.92 30.79 19.45 35.97 11.23 28.28 10.13 11.54 33.86 12.93 7.68 33.44 19.41 21.27 4.44 29.26 28.97 12.71 37.62 28.58 16.73 42.32 16.07 12.91 4.62 32.76 5.47 10.02 42.44 15.5 
63 26.75 11.27 38.88 13.31 28.25 12.23 18.28 27.18 47.11 22.65 42.28 22.73 35.11 10.49 24.48 0 23.81 23.2 51.7 36.72 24.17 44.67 22.56 32.62 20.01 49.5 15.74 51.12 7.62 36.21 5.84 48.68 12.73 60.24 24.35 48.76 19.7 19.3 15.37 16.62 24.44 57.83 13.17 39.5 23.5 18.94 6.49 29.46 60.44 8.59 9.47 18.25 39.44 14.73 27.85 8.91 23.65 34.02 65.8 13.58 
59.85 9.14 25.9 17.27 24.5 8.65 16.02 22.36 21.14 34.65 13.78 23.79 13.11 28.3 16.87 9.9 23.81 0 13.38 33.03 26.99 10.03 37.04 7.13 11.2 17.44 30.07 8.46 30.32 28.88 16.61 28.11 40.35 24.07 38.29 9.79 37.23 17.78 4.73 28.52 19.19 17.18 36.35 24.21 30.99 13.83 21.81 26.24 22.59 44.94 30.38 14.39 41.97 17.06 18.09 8.5 32.72 14.88 13.39 49.08 20.41 
59.07 9.98 25.68 18.21 23.97 9.57 15.13 21.4 21.69 35.53 14.26 24.75 12.2 28.98 16.61 10.58 23.2 13.38 0 33.99 27.76 17.47 37.81 6.24 12.17 17.72 31.04 8.09 31.27 28.12 17.57 27.39 41.14 23.94 39.19 12.4 38.1 18.04 12.16 27.6 19.28 17.7 37.27 24.09 31.75 14.37 20.85 25.47 23.2 45.89 29.94 13.75 41.32 17.97 18.09 9.41 32.11 15.4 14.35 50.05 20.35 
88.58 25.69 46.78 16.49 51.1 24.94 48.27 55.37 27.54 14.35 29.22 9.54 45.6 24.34 41.38 27.45 51.7 33.03 33.99 0 20.28 36.1 23.35 39.75 21.86 33.04 11.03 37.53 6.7 58.67 16.5 57.28 23.13 43.92 13.94 33.69 16.53 33.51 37.04 60.86 37.13 28.33 10.79 43.7 21.42 28.35 54.84 56.42 25.89 13.77 54.48 44.13 69 17.78 38.22 25.24 59.54 28.41 19.64 16.41 40.46 
86.84 17.93 29.06 20.52 35.43 19.09 37.7 46.24 9.57 10.51 15.49 14.72 39.64 13.51 26.42 17.34 36.72 26.99 27.76 20.28 0 30.92 10.06 33.9 20.08 16.73 20.08 26.59 23.94 44.29 16.15 42.56 13.45 26.24 33.51 28.24 12.05 17.03 28.82 49.24 20.26 12.62 30.35 25.92 16.12 14.86 46.06 42.57 7.31 24.43 37.18 31.74 52.09 22.7 22.01 19.05 43.12 14.19 18.34 30.27 23.58 
55.93 13.04 27.87 19.91 25.23 12.37 14.64 19.72 24.95 38.44 17.5 27.07 9.56 32.22 18.77 13.81 24.17 10.03 17.47 36.1 30.92 0 40.97 11.22 14.27 20.82 33.03 10.2 32.89 28.33 19.89 27.82 44.26 26.34 40.3 10.36 41.05 21.12 5.3 26.65 22.13 20.95 38.58 26.53 34.92 17.62 19.06 25.63 26.46 48.37 31.46 14.77 41.97 19.34 20.78 12.26 33.02 18.65 16.57 52.32 22.91 
96.88 27.99 35.56 29.13 43.06 29.1 47.09 55.77 18.08 9.09 25.04 21.64 49.62 9.73 34.83 27.34 44.67 37.04 37.81 23.35 10.06 40.97 0 43.92 29.73 25.21 24.56 36.2 28.86 52.29 25.18 50.44 14.4 32.96 37.29 38.3 7.79 25.39 38.74 58.14 28.08 21.83 34.14 32.58 6.07 24.51 55.65 50.85 15.88 21.31 43.64 40.83 58.41 31.32 30.08 29.08 50.03 23.71 27.81 27.41 31.11 
53 16.21 27.7 23.56 23.9 15.77 11.89 16.16 27.31 41.77 19.75 30.7 5.99 34.92 18.75 16.59 22.56 7.13 6.24 39.75 33.9 11.22 43.92 0 17.91 22.44 36.69 10.62 36.53 25.91 23.51 25.61 47.31 26.5 43.82 6.16 44.34 22.68 5.92 23.38 23.14 23.24 42.16 26.74 37.85 20 15.46 23.19 28.99 51.95 30.36 13.5 39.85 22.96 21.54 15.63 31.22 20.99 20.2 55.96 23.4 
68.75 6.51 31.3 6.34 32.68 4.52 26.9 33.56 18.32 25.34 13.77 12.84 23.81 22.76 23.43 9.36 32.62 11.2 12.17 21.86 20.08 14.27 29.73 17.91 0 18.78 18.87 17.09 19.25 38.73 5.71 37.65 32.4 28.79 27.76 11.83 28.13 19.29 15.48 39.51 22.27 15.68 25.56 28.77 24.02 13.16 33.01 36.23 18.65 34.19 37.59 23.85 50.79 6.88 22.25 4.94 41.27 13.98 10.31 38.05 24.85 
74.35 12.45 13.8 23.75 18.82 14.62 22.28 31.08 7.24 27.1 5.02 24.16 27.12 15.49 9.72 9.64 20.01 17.44 17.72 33.04 16.73 20.82 25.21 22.44 18.78 0 31.37 12.41 33.86 27.56 19.75 25.85 29.16 10.97 43.61 18.77 28.77 9.9 16.53 32.92 13.51 4.72 40.8 10.81 19.69 5.69 31.11 25.87 9.53 40.58 21.46 15.75 36.15 25.16 5.38 14.25 26.86 5.08 18.97 46.1 7.42 
85.22 23.13 45.17 13.27 49.02 22.2 45.52 52.43 26.39 15.88 27.26 7.27 42.49 24.21 39.3 25.08 49.5 30.07 31.04 11.03 20.08 33.03 24.56 36.69 18.87 31.37 0 34.97 4.32 56.31 13.72 55 24.85 42.33 13.42 30.68 18.36 31.86 34.21 58.14 35.47 26.73 10.27 42.14 21.82 26.4 51.88 54 24.95 17.11 52.7 41.65 67.04 14.47 36.41 22.53 57.53 26.56 16.72 19.7 38.74 
61.95 11.85 17.7 23.42 16.18 12.94 11.26 19.65 18.43 35.92 11.16 27.99 14.75 26.64 8.59 10.32 15.74 8.46 8.09 37.53 26.59 10.2 36.2 10.62 17.09 12.41 34.97 0 36.07 21.64 21.3 20.57 39.92 16.15 44.85 9.33 38.14 12.55 4.96 23.54 12.57 14.44 42.58 16.35 30.25 11.73 19.48 19.18 20.45 47.94 21.93 6.77 33.99 23.81 10.92 12.57 24.58 12.49 18.71 52.75 12.84 
83.32 24.4 47.62 13.06 50.83 23.14 46.15 52.56 29.48 20.2 29.44 9.93 42.14 28.07 41.17 26.67 51.12 30.32 31.27 6.7 23.94 32.89 28.86 36.53 19.25 33.86 4.32 36.07 0 57.65 14.91 56.45 29.16 44.83 9.87 30.74 22.66 34.37 34.72 58.76 37.93 29.35 6.94 44.67 25.94 28.59 51.93 55.24 28.24 20.05 54.9 42.83 68.96 13.62 38.68 23.51 59.41 28.89 17.38 21.6 41.11 
58.81 33.28 18.16 45.06 9.41 34.55 14.1 16.24 34.76 54.63 29.91 49.17 24.29 42.73 17.92 31.24 7.62 28.88 28.12 58.67 44.29 28.33 52.29 25.91 38.73 27.56 56.31 21.64 57.65 0 42.79 13.46 56.3 20.04 66.49 29.13 56.33 27.27 24.16 10.03 24.24 31.91 64.22 20.48 47.11 30.74 17.17 14.12 37.05 67.84 12.55 14.88 14.23 45.38 22.33 34.17 7.89 30.98 40.34 73.11 21.19 
74.36 9.52 33.24 4.62 35.95 8.48 31.81 38.89 17.1 19.95 14.97 7.19 29.45 19.48 26.33 11.78 36.21 16.61 17.57 16.5 16.15 19.89 25.18 23.51 5.71 19.75 13.72 21.3 14.91 42.79 0 41.56 27.5 30.53 24.23 17.37 22.79 20.27 20.55 44.42 23.68 15.66 21.66 30.42 19.84 14.17 38.39 40.42 16.72 28.5 40.22 28.03 54.1 6.67 24.16 8.81 44.54 14.67 9.59 32.48 26.68 
60.42 32.05 16.17 43.97 7.47 33.4 14 17.21 33.01 52.94 28.37 47.81 24.45 40.92 16.28 29.92 5.84 28.11 27.39 57.28 42.56 27.82 50.44 25.61 37.65 25.85 55 20.57 56.45 13.46 41.56 0 54.46 18.08 65.4 28.44 54.6 25.53 23.42 11.7 22.44 30.26 63.07 18.51 45.32 29.21 18.09 12.33 35.3 66.24 10.68 13.87 14.25 44.38 20.57 33.01 6.69 29.41 39.19 71.56 19.34 
100.19 31.22 39.57 31.13 47.08 32.18 50.9 59.54 21.98 8.98 28.77 23.08 53.09 13.67 38.8 30.79 48.68 40.35 41.14 23.13 13.45 44.26 14.4 47.31 32.4 29.16 24.85 39.92 29.16 56.3 27.5 54.46 0 36.98 36.9 41.57 6.61 29.35 42.27 62.07 32.08 25.64 33.82 36.59 9.67 28.2 59.4 54.85 19.74 18.76 47.64 44.71 62.38 33.29 34.07 32.19 54.04 27.44 30.35 24.75 35.13 
74.02 22.28 15.66 34.29 10.64 24.34 20.88 29.05 16.9 36.74 15.56 35.14 29.34 23.83 7.76 19.45 12.73 24.07 23.94 43.92 26.24 26.34 32.96 26.5 28.79 10.97 42.33 16.15 44.83 20.04 30.53 18.08 36.98 0 54.54 25.17 37.97 10.48 21.1 27.9 6.9 15.61 51.76 13.09 28.35 16.36 29.44 19.23 19.01 50.63 10.94 14.51 25.86 35.5 6.55 23.93 17.08 15.95 29.37 56.36 13.04 
86.65 33.52 57.31 21.43 60.11 32.01 54.3 59.98 39.35 28.26 39.06 19.8 49.02 37.64 50.54 35.97 60.24 38.29 39.19 13.94 33.51 40.3 37.29 43.82 27.76 43.61 13.42 44.85 9.87 66.49 24.23 65.4 36.9 54.54 0 38.48 30.3 44.11 42.91 66.77 47.65 39.15 16.81 54.4 35.13 38.23 59.26 63.99 38.09 23.3 64.44 51.61 78.27 21.25 48.3 32.4 68.72 38.59 26.23 22.13 50.78 
58.62 10.34 26.92 17.7 25.15 9.67 15.93 21.82 22.49 35.74 15.14 24.56 12.14 29.61 17.85 11.23 24.35 9.79 12.4 33.69 28.24 10.36 38.3 6.16 11.83 18.77 30.68 9.33 30.74 29.13 17.37 28.44 41.57 25.17 38.48 0 38.35 19.1 5.06 28.29 20.44 18.54 36.63 25.32 32.25 15.19 21.23 26.46 23.93 45.8 31.16 14.89 42.42 17.33 19.28 9.56 33.26 16.24 14.08 49.84 21.56 
96.71 28.14 40.73 25.91 47.43 28.71 49.37 57.74 21.59 15.59 27.25 17.42 50.27 14.21 38.46 28.28 48.76 37.23 38.1 16.53 12.05 41.05 7.79 44.34 28.13 28.77 18.36 38.14 22.66 56.33 22.79 54.6 6.61 37.97 30.3 38.35 0 29.07 39.78 61.14 32.24 24.6 27.21 37.63 9.71 26.55 57.49 54.61 19.31 13.77 48.89 43.62 63.79 28 34.04 28.79 54.99 25.99 25.92 19.89 35.52 
74.45 12.94 13.31 24.27 18.46 15.11 22.24 31.05 7.5 27.43 5.53 24.66 27.28 15.68 9.47 10.13 19.7 17.78 18.04 33.51 17.03 21.12 25.39 22.68 19.29 9.9 31.86 12.55 34.37 27.27 20.27 25.53 29.35 10.48 44.11 19.1 29.07 0 16.76 32.76 13.97 5.18 41.3 10.31 19.93 6.2 31.09 25.61 9.79 40.96 21.01 15.67 35.72 25.68 5.01 14.74 26.45 5.6 19.48 46.5 6.97 
58.45 11.9 22.58 21.71 20.17 12.15 11.44 18.45 21.65 37.35 14.09 27.63 10.97 29.49 13.48 11.54 19.3 4.73 12.16 37.04 28.82 5.3 38.74 5.92 15.48 16.53 34.21 4.96 34.72 24.16 20.55 23.42 42.27 21.1 42.91 5.06 39.78 16.76 0 24.03 17.29 17.57 40.89 21.31 32.69 14.42 18.03 21.51 23.44 48.43 26.28 9.84 37.37 21.66 15.78 11.88 28.21 15.37 17.5 52.85 17.78 
48.77 35.22 26.63 45.73 17.74 35.94 12.62 8.69 40.09 59.11 33.91 51.35 19.61 48.4 23.43 33.86 15.37 28.52 27.6 60.86 49.24 26.65 58.14 23.38 39.51 32.92 58.14 23.54 58.76 10.03 44.42 11.7 62.07 27.9 66.77 28.29 61.14 32.76 24.03 0 30.42 36.62 64.87 28.34 52.52 34.65 9.72 9.2 42.35 71.46 22.32 17.53 22.07 45.57 28.3 35.63 17.85 35.16 41.49 76.28 27.94 
73.72 15.79 9.71 27.54 15.19 17.92 20.8 29.56 10.7 30.74 8.73 28.25 27.15 18.49 7.03 12.93 16.62 19.19 19.28 37.13 20.26 22.13 28.08 23.14 22.27 13.51 35.47 12.57 37.93 24.24 23.68 22.44 32.08 6.9 47.65 20.44 32.24 13.97 17.29 30.42 0 8.79 44.86 6.75 22.88 9.51 29.72 22.78 12.95 44.4 17.41 14.04 32.16 28.84 11.92 17.52 22.96 9.06 22.67 50 12.31 
76.01 10 18.46 19.93 23.39 12.09 25.26 33.93 11.96 22.75 9.74 19.56 28.52 12.21 13.99 7.68 24.44 17.18 17.7 28.33 12.62 20.95 21.83 23.24 15.68 4.72 26.73 14.44 29.35 31.91 15.66 30.26 25.64 15.61 39.15 18.54 24.6 5.18 17.57 36.62 8.79 0 36.28 15.41 15.99 10.41 33.84 30.08 6.02 36.01 26.18 19.14 40.86 21.55 10.04 11.79 31.54 9.8 15.41 41.46 12.14 
86.5 31.07 54.55 19.23 57.61 29.67 52.33 58.31 36.35 25.12 36.34 16.82 47.54 34.47 47.98 33.44 57.83 36.35 37.27 10.79 30.35 38.58 34.14 42.16 25.56 40.8 10.27 42.58 6.94 64.22 21.66 63.07 33.82 51.76 16.81 36.63 27.21 41.3 40.89 64.87 44.86 36.28 0 51.6 31.95 35.5 57.63 61.76 35.04 20.95 61.79 49.35 75.76 19.31 45.59 30.06 66.2 35.82 23.88 20.46 48.03 
74.42 22.25 15.65 34.21 11.07 24.33 21.26 29.45 16.61 36.41 15.45 34.96 29.65 23.48 8.03 19.41 13.17 24.21 24.09 43.7 25.92 26.53 32.58 26.74 28.77 10.81 42.14 16.35 44.67 20.48 30.42 18.51 36.59 13.09 54.4 25.32 37.63 10.31 21.31 28.34 6.75 15.41 51.6 0 27.99 16.25 29.84 19.67 18.71 50.32 11.27 14.85 26.18 35.44 6.54 23.92 17.46 15.82 29.31 56.06 13.31 
90.82 21.95 31.08 24.06 38.04 23.12 41.25 49.87 12.46 9.1 19.09 17.44 43.56 4.52 29.4 21.27 39.5 30.99 31.75 21.42 16.12 34.92 6.07 37.85 24.02 19.69 21.82 30.25 25.94 47.11 19.84 45.32 9.67 28.35 35.13 32.25 9.71 19.93 32.69 52.52 22.88 15.99 31.95 27.99 0 18.53 49.73 45.53 10.18 23.13 39.23 35.11 54.12 26.25 24.78 23.08 45.41 17.77 22.21 29.17 26.08 
72.87 7.02 19.09 18.08 22.76 9.18 22.86 31.38 7.34 24.46 9.22 19.13 25.39 15.09 13.06 4.44 23.5 13.83 14.37 28.35 14.86 17.62 24.51 20 13.16 5.69 26.4 11.73 28.59 30.74 14.17 29.21 28.2 16.36 38.23 15.19 26.55 6.2 14.42 34.65 9.51 10.41 35.5 16.25 18.53 0 31.21 28.71 9.02 37.16 26.34 17.13 40.67 19.48 10.09 8.84 31.19 9.92 13.28 42.37 12.55 
44.59 29.92 29.09 38.91 21.29 30.13 8.92 17.73 37.74 55.16 30.63 45.54 10.56 46.04 22.93 29.26 18.94 21.81 20.85 54.84 46.06 19.06 55.65 15.46 33.01 31.11 51.88 19.48 51.93 17.17 38.39 18.09 59.4 29.44 59.26 21.23 57.49 31.09 18.03 9.72 29.72 33.84 57.63 29.84 49.73 31.21 0 15.05 39.84 66.46 27.36 15.69 30.89 38.4 27.6 29.88 24.78 31.96 35.2 70.82 28.14 
57.69 30.91 17.67 42.57 8.72 32.11 11.39 14.17 33.11 52.83 27.89 46.89 21.66 41.21 16.16 28.97 6.49 26.24 25.47 56.42 42.57 25.63 50.85 23.19 36.23 25.87 54 19.18 55.24 14.12 40.42 12.33 54.85 19.23 63.99 26.46 54.61 25.61 21.51 9.2 22.78 30.08 61.76 19.67 45.53 28.71 15.05 0 35.4 65.87 13.2 12.41 16.87 42.85 20.77 31.74 9.73 29.01 37.89 71.05 19.9 
81.89 14.32 21.85 21.33 28.13 16.1 31.23 39.93 14.41 17.81 9.4 18.34 34.41 6.2 19.25 12.71 29.46 22.59 23.2 25.89 7.31 26.46 15.88 28.99 18.65 9.53 24.95 20.45 28.24 37.05 16.72 35.3 19.74 19.01 38.09 23.93 19.31 9.79 23.44 42.35 12.95 6.02 35.04 18.71 10.18 9.02 39.84 35.4 0 31.62 29.95 24.97 44.84 23.28 14.74 15.91 35.83 8.09 17.65 37.36 16.27 
102.1 36.57 53.46 29.64 59.39 36.38 59.11 66.88 33.78 14.09 37.97 21.37 57.92 27.45 49.96 37.62 60.44 44.94 45.89 13.77 24.43 48.37 21.31 51.95 34.19 40.58 17.11 47.94 20.05 67.84 28.5 66.24 18.76 50.63 23.3 45.8 13.77 40.96 48.43 71.46 44.4 36.01 20.95 50.32 23.13 37.16 66.46 65.87 31.62 0 61.56 54.11 76.46 31.19 45.96 36.6 67.36 36.87 31.85 6.12 47.77 
70.88 31.24 8.15 43.54 6.59 33.07 20.76 26.64 27.81 47.68 25.48 45.44 31.14 34.71 14.17 28.58 8.59 30.38 29.94 54.48 37.18 31.46 43.64 30.36 37.59 21.46 52.7 21.93 54.9 12.55 40.22 10.68 47.64 10.94 64.44 31.16 48.89 21.01 26.28 22.32 17.41 26.18 61.79 11.27 39.23 26.34 27.36 13.2 29.95 61.56 0 16.86 14.92 44.46 16.29 32.65 6.69 26.14 38.58 67.27 14.04 
59.94 18.53 14.96 30.18 10.48 19.7 6.77 15.53 22.75 41.58 16.39 34.59 15.07 31.11 7.31 16.73 9.47 14.39 13.75 44.13 31.74 14.77 40.83 13.5 23.85 15.75 41.65 6.77 42.83 14.88 28.03 13.87 44.71 14.51 51.61 14.89 43.62 15.67 9.84 17.53 14.04 19.14 49.35 14.85 35.11 17.13 15.69 12.41 24.97 54.11 16.86 0 27.58 30.53 11.91 19.33 18.37 17.63 25.48 59.09 12.59 
68.84 44.76 23.06 57 18.16 46.37 28.21 29.9 42.69 62.59 39.8 59.78 38.52 49.6 27.79 42.32 18.25 41.97 41.32 69 52.09 41.97 58.41 39.85 50.79 36.15 67.04 33.99 68.96 14.23 54.1 14.25 62.38 25.86 78.27 42.42 63.79 35.72 37.37 22.07 32.16 40.86 75.76 26.18 54.12 40.67 30.89 16.87 44.84 76.46 14.92 27.58 0 57.64 30.84 45.96 9.56 40.59 52.09 82.13 28.78 
70.91 13.28 38.06 11.17 39.55 11.39 33.07 39.06 23.48 25.12 20.17 10.71 28.53 26.13 30.3 16.07 39.44 17.06 17.97 17.78 22.7 19.34 31.32 22.96 6.88 25.16 14.47 23.81 13.62 45.38 6.67 44.38 33.29 35.5 21.25 17.33 28 25.68 21.66 45.57 28.84 21.55 19.31 35.44 26.25 19.48 38.4 42.85 23.28 31.19 44.46 30.53 57.64 0 28.97 11.8 48.12 20.17 6.2 34.17 31.56 
71.68 15.74 9.11 27.8 13.45 17.79 18.68 27.43 12.45 32.44 9.24 29.16 25.31 20.44 4.89 12.91 14.73 18.09 18.09 38.22 22.01 20.78 30.08 21.54 22.25 5.38 36.41 10.92 38.68 22.33 24.16 20.57 34.07 6.55 48.3 19.28 34.04 5.01 15.78 28.3 11.92 10.04 45.59 6.54 24.78 10.09 27.6 20.77 14.74 45.96 16.29 11.91 30.84 28.97 0 17.38 21.5 9.85 22.87 51.48 10.17 
68.05 11.45 26.4 11.04 27.83 9.46 23.02 30.33 15.06 26.18 9.31 15.77 21.6 20.95 18.5 4.62 27.85 8.5 9.41 25.24 19.05 12.26 29.08 15.63 4.94 14.25 22.53 12.57 23.51 34.17 8.81 33.01 32.19 23.93 32.4 9.56 28.79 14.74 11.88 35.63 17.52 11.79 30.06 23.92 23.08 8.84 29.88 31.74 15.91 36.6 32.65 19.33 45.96 11.8 17.38 0 36.42 9.79 6.18 40.97 19.98 
66.58 35.21 14.48 47.46 8.6 36.83 20.11 23.9 33.61 53.63 30.32 50.27 30.71 40.9 18.25 32.76 8.91 32.72 32.11 59.54 43.12 33.02 50.03 31.22 41.27 26.86 57.53 24.58 59.41 7.89 44.54 6.69 54.04 17.08 68.72 33.26 54.99 26.45 28.21 17.85 22.96 31.54 66.2 17.46 45.41 31.19 24.78 9.73 35.83 67.36 6.69 18.37 9.56 48.12 21.5 36.42 0 31.16 42.54 72.95 19.59 
73.82 7.97 18.73 18.7 22.81 10.12 23.52 32.1 6.33 23.97 10.1 19.31 26.33 14.22 13.17 5.47 23.65 14.88 15.4 28.41 14.19 18.65 23.71 20.99 13.98 5.08 26.56 12.49 28.89 30.98 14.67 29.41 27.44 15.95 38.59 16.24 25.99 5.6 15.37 35.16 9.06 9.8 35.82 15.82 17.77 9.92 31.96 29.01 8.09 36.87 26.14 17.63 40.59 20.17 9.85 9.79 31.16 0 13.98 42.16 12.22 
71.05 7.36 31.97 4.97 33.94 5.79 28.87 35.73 17.59 23.11 13.98 10.51 26.12 21.28 24.49 10.02 34.02 13.39 14.35 19.64 18.34 16.57 27.81 20.2 10.31 18.97 16.72 18.71 17.38 40.34 9.59 39.19 30.35 29.37 26.23 14.08 25.92 19.48 17.5 41.49 22.67 15.41 23.88 29.31 22.21 13.28 35.2 37.89 17.65 31.85 38.58 25.48 52.09 6.2 22.87 6.18 42.54 13.98 0 35.76 25.45 
104.81 41.13 59.21 32.89 64.85 40.71 63.8 71.29 39.46 20.09 43.2 25.29 61.86 33.44 55.32 42.44 65.8 49.08 50.05 16.41 30.27 52.32 27.41 55.96 38.05 46.1 19.7 52.75 21.6 73.11 32.48 71.56 24.75 56.36 22.13 49.84 19.89 46.5 52.85 76.28 50 41.46 20.46 56.06 29.17 42.37 70.82 71.05 37.36 6.12 67.27 59.09 82.13 34.17 51.48 40.97 72.95 42.16 35.76 0 53.38 
72.53 18.33 6.56 30.37 11.98 20.39 19.3 27.88 14.03 34.07 11.72 31.51 26.77 21.63 5.28 15.5 13.58 20.41 20.35 40.46 23.58 22.91 31.11 23.4 24.85 7.42 38.74 12.84 41.11 21.19 26.68 19.34 35.13 13.04 50.78 21.56 35.52 6.97 17.78 27.94 12.31 12.14 48.03 13.31 26.08 12.55 28.14 19.9 16.27 47.77 14.04 12.59 28.78 31.56 10.17 19.98 19.59 12.22 25.45 53.38 0 
0	5000
0	117
0	148
0	215
0	330
0	385
0	423
0	437
0	520
0	583
0	638
0	671
0	724
0	780
0	819
0	851
0	899
0	942
0	963
0	1012
0	1037
0	1072
0	1116
0	1160
0	1178
0	1197
0	1228
0	1263
0	1299
0	1357
0	1400
0	1441
0	1496
0	1533
0	1587
0	1626
0	1664
0	1693
0	1710
0	1734
0	1765
0	1773
0	1810
0	1861
0	1889
0	1908
0	1939
0	1954
0	1989
0	2021
0	2083
0	2099
0	2127
0	2185
0	2214
0	2231
0	2267
0	2299
0	2313
0	2348
0	2402
C:
0 3 3 3 3 3 3 3 3 3 3 3 3 3 3 3 3 3 3 3 3 3 3 3 3 3 3 3 3 3 3 3 3 3 3 3 3 3 3 3 3 3 3 3 3 3 3 3 3 3 3 3 3 3 3 3 3 3 3 3 3 3 
1 0 1 1 1 1 1 1 1 1 1 1 1 1 1 1 1 1 1 1 1 1 1 1 1 1 1 1 1 1 1 1 1 1 1 1 1 1 1 1 1 1 1 1 1 1 1 1 1 1 1 1 1 1 1 1 1 1 1 1 1 1 
2 2 0 2 2 2 2 2 2 2 2 2 2 2 2 2 2 2 2 2 2 2 2 2 2 2 2 2 2 2 2 2 2 2 2 2 2 2 2 2 2 2 2 2 2 2 2 2 2 2 2 2 2 2 2 2 2 2 2 2 2 2 
2 2 2 0 2 2 2 2 2 2 2 2 2 2 2 2 2 2 2 2 2 2 2 2 2 2 2 2 2 2 2 2 2 2 2 2 2 2 2 2 2 2 2 2 2 2 2 2 2 2 2 2 2 2 2 2 2 2 2 2 2 2 
2 2 2 2 0 2 2 2 2 2 2 2 2 2 2 2 2 2 2 2 2 2 2 2 2 2 2 2 2 2 2 2 2 2 2 2 2 2 2 2 2 2 2 2 2 2 2 2 2 2 2 2 2 2 2 2 2 2 2 2 2 2 
1 1 1 1 1 0 1 1 1 1 1 1 1 1 1 1 1 1 1 1 1 1 1 1 1 1 1 1 1 1 1 1 1 1 1 1 1 1 1 1 1 1 1 1 1 1 1 1 1 1 1 1 1 1 1 1 1 1 1 1 1 1 
2 2 2 2 2 2 0 2 2 2 2 2 2 2 2 2 2 2 2 2 2 2 2 2 2 2 2 2 2 2 2 2 2 2 2 2 2 2 2 2 2 2 2 2 2 2 2 2 2 2 2 2 2 2 2 2 2 2 2 2 2 2 
3 3 3 3 3 3 3 0 3 3 3 3 3 3 3 3 3 3 3 3 3 3 3 3 3 3 3 3 3 3 3 3 3 3 3 3 3 3 3 3 3 3 3 3 3 3 3 3 3 3 3 3 3 3 3 3 3 3 3 3 3 3 
1 1 1 1 1 1 1 1 0 1 1 1 1 1 1 1 1 1 1 1 1 1 1 1 1 1 1 1 1 1 1 1 1 1 1 1 1 1 1 1 1 1 1 1 1 1 1 1 1 1 1 1 1 1 1 1 1 1 1 1 1 1 
3 3 3 3 3 3 3 3 3 0 3 3 3 3 3 3 3 3 3 3 3 3 3 3 3 3 3 3 3 3 3 3 3 3 3 3 3 3 3 3 3 3 3 3 3 3 3 3 3 3 3 3 3 3 3 3 3 3 3 3 3 3 
1 1 1 1 1 1 1 1 1 1 0 1 1 1 1 1 1 1 1 1 1 1 1 1 1 1 1 1 1 1 1 1 1 1 1 1 1 1 1 1 1 1 1 1 1 1 1 1 1 1 1 1 1 1 1 1 1 1 1 1 1 1 
2 2 2 2 2 2 2 2 2 2 2 0 2 2 2 2 2 2 2 2 2 2 2 2 2 2 2 2 2 2 2 2 2 2 2 2 2 2 2 2 2 2 2 2 2 2 2 2 2 2 2 2 2 2 2 2 2 2 2 2 2 2 
2 2 2 2 2 2 2 2 2 2 2 2 0 2 2 2 2 2 2 2 2 2 2 2 2 2 2 2 2 2 2 2 2 2 2 2 2 2 2 2 2 2 2 2 2 2 2 2 2 2 2 2 2 2 2 2 2 2 2 2 2 2 
2 2 2 2 2 2 2 2 2 2 2 2 2 0 2 2 2 2 2 2 2 2 2 2 2 2 2 2 2 2 2 2 2 2 2 2 2 2 2 2 2 2 2 2 2 2 2 2 2 2 2 2 2 2 2 2 2 2 2 2 2 2 
1 1 1 1 1 1 1 1 1 1 1 1 1 1 0 1 1 1 1 1 1 1 1 1 1 1 1 1 1 1 1 1 1 1 1 1 1 1 1 1 1 1 1 1 1 1 1 1 1 1 1 1 1 1 1 1 1 1 1 1 1 1 
1 1 1 1 1 1 1 1 1 1 1 1 1 1 1 0 1 1 1 1 1 1 1 1 1 1 1 1 1 1 1 1 1 1 1 1 1 1 1 1 1 1 1 1 1 1 1 1 1 1 1 1 1 1 1 1 1 1 1 1 1 1 
2 2 2 2 2 2 2 2 2 2 2 2 2 2 2 2 0 2 2 2 2 2 2 2 2 2 2 2 2 2 2 2 2 2 2 2 2 2 2 2 2 2 2 2 2 2 2 2 2 2 2 2 2 2 2 2 2 2 2 2 2 2 
1 1 1 1 1 1 1 1 1 1 1 1 1 1 1 1 1 0 1 1 1 1 1 1 1 1 1 1 1 1 1 1 1 1 1 1 1 1 1 1 1 1 1 1 1 1 1 1 1 1 1 1 1 1 1 1 1 1 1 1 1 1 
1 1 1 1 1 1 1 1 1 1 1 1 1 1 1 1 1 1 0 1 1 1 1 1 1 1 1 1 1 1 1 1 1 1 1 1 1 1 1 1 1 1 1 1 1 1 1 1 1 1 1 1 1 1 1 1 1 1 1 1 1 1 
3 3 3 3 3 3 3 3 3 3 3 3 3 3 3 3 3 3 3 0 3 3 3 3 3 3 3 3 3 3 3 3 3 3 3 3 3 3 3 3 3 3 3 3 3 3 3 3 3 3 3 3 3 3 3 3 3 3 3 3 3 3 
2 2 2 2 2 2 2 2 2 2 2 2 2 2 2 2 2 2 2 2 0 2 2 2 2 2 2 2 2 2 2 2 2 2 2 2 2 2 2 2 2 2 2 2 2 2 2 2 2 2 2 2 2 2 2 2 2 2 2 2 2 2 
2 2 2 2 2 2 2 2 2 2 2 2 2 2 2 2 2 2 2 2 2 0 2 2 2 2 2 2 2 2 2 2 2 2 2 2 2 2 2 2 2 2 2 2 2 2 2 2 2 2 2 2 2 2 2 2 2 2 2 2 2 2 
3 3 3 3 3 3 3 3 3 3 3 3 3 3 3 3 3 3 3 3 3 3 0 3 3 3 3 3 3 3 3 3 3 3 3 3 3 3 3 3 3 3 3 3 3 3 3 3 3 3 3 3 3 3 3 3 3 3 3 3 3 3 
2 2 2 2 2 2 2 2 2 2 2 2 2 2 2 2 2 2 2 2 2 2 2 0 2 2 2 2 2 2 2 2 2 2 2 2 2 2 2 2 2 2 2 2 2 2 2 2 2 2 2 2 2 2 2 2 2 2 2 2 2 2 
1 1 1 1 1 1 1 1 1 1 1 1 1 1 1 1 1 1 1 1 1 1 1 1 0 1 1 1 1 1 1 1 1 1 1 1 1 1 1 1 1 1 1 1 1 1 1 1 1 1 1 1 1 1 1 1 1 1 1 1 1 1 
1 1 1 1 1 1 1 1 1 1 1 1 1 1 1 1 1 1 1 1 1 1 1 1 1 0 1 1 1 1 1 1 1 1 1 1 1 1 1 1 1 1 1 1 1 1 1 1 1 1 1 1 1 1 1 1 1 1 1 1 1 1 
3 3 3 3 3 3 3 3 3 3 3 3 3 3 3 3 3 3 3 3 3 3 3 3 3 3 0 3 3 3 3 3 3 3 3 3 3 3 3 3 3 3 3 3 3 3 3 3 3 3 3 3 3 3 3 3 3 3 3 3 3 3 
1 1 1 1 1 1 1 1 1 1 1 1 1 1 1 1 1 1 1 1 1 1 1 1 1 1 1 0 1 1 1 1 1 1 1 1 1 1 1 1 1 1 1 1 1 1 1 1 1 1 1 1 1 1 1 1 1 1 1 1 1 1 
3 3 3 3 3 3 3 3 3 3 3 3 3 3 3 3 3 3 3 3 3 3 3 3 3 3 3 3 0 3 3 3 3 3 3 3 3 3 3 3 3 3 3 3 3 3 3 3 3 3 3 3 3 3 3 3 3 3 3 3 3 3 
3 3 3 3 3 3 3 3 3 3 3 3 3 3 3 3 3 3 3 3 3 3 3 3 3 3 3 3 3 0 3 3 3 3 3 3 3 3 3 3 3 3 3 3 3 3 3 3 3 3 3 3 3 3 3 3 3 3 3 3 3 3 
1 1 1 1 1 1 1 1 1 1 1 1 1 1 1 1 1 1 1 1 1 1 1 1 1 1 1 1 1 1 0 1 1 1 1 1 1 1 1 1 1 1 1 1 1 1 1 1 1 1 1 1 1 1 1 1 1 1 1 1 1 1 
3 3 3 3 3 3 3 3 3 3 3 3 3 3 3 3 3 3 3 3 3 3 3 3 3 3 3 3 3 3 3 0 3 3 3 3 3 3 3 3 3 3 3 3 3 3 3 3 3 3 3 3 3 3 3 3 3 3 3 3 3 3 
3 3 3 3 3 3 3 3 3 3 3 3 3 3 3 3 3 3 3 3 3 3 3 3 3 3 3 3 3 3 3 3 0 3 3 3 3 3 3 3 3 3 3 3 3 3 3 3 3 3 3 3 3 3 3 3 3 3 3 3 3 3 
2 2 2 2 2 2 2 2 2 2 2 2 2 2 2 2 2 2 2 2 2 2 2 2 2 2 2 2 2 2 2 2 2 0 2 2 2 2 2 2 2 2 2 2 2 2 2 2 2 2 2 2 2 2 2 2 2 2 2 2 2 2 
3 3 3 3 3 3 3 3 3 3 3 3 3 3 3 3 3 3 3 3 3 3 3 3 3 3 3 3 3 3 3 3 3 3 0 3 3 3 3 3 3 3 3 3 3 3 3 3 3 3 3 3 3 3 3 3 3 3 3 3 3 3 
1 1 1 1 1 1 1 1 1 1 1 1 1 1 1 1 1 1 1 1 1 1 1 1 1 1 1 1 1 1 1 1 1 1 1 0 1 1 1 1 1 1 1 1 1 1 1 1 1 1 1 1 1 1 1 1 1 1 1 1 1 1 
3 3 3 3 3 3 3 3 3 3 3 3 3 3 3 3 3 3 3 3 3 3 3 3 3 3 3 3 3 3 3 3 3 3 3 3 0 3 3 3 3 3 3 3 3 3 3 3 3 3 3 3 3 3 3 3 3 3 3 3 3 3 
1 1 1 1 1 1 1 1 1 1 1 1 1 1 1 1 1 1 1 1 1 1 1 1 1 1 1 1 1 1 1 1 1 1 1 1 1 0 1 1 1 1 1 1 1 1 1 1 1 1 1 1 1 1 1 1 1 1 1 1 1 1 
1 1 1 1 1 1 1 1 1 1 1 1 1 1 1 1 1 1 1 1 1 1 1 1 1 1 1 1 1 1 1 1 1 1 1 1 1 1 0 1 1 1 1 1 1 1 1 1 1 1 1 1 1 1 1 1 1 1 1 1 1 1 
3 3 3 3 3 3 3 3 3 3 3 3 3 3 3 3 3 3 3 3 3 3 3 3 3 3 3 3 3 3 3 3 3 3 3 3 3 3 3 0 3 3 3 3 3 3 3 3 3 3 3 3 3 3 3 3 3 3 3 3 3 3 
1 1 1 1 1 1 1 1 1 1 1 1 1 1 1 1 1 1 1 1 1 1 1 1 1 1 1 1 1 1 1 1 1 1 1 1 1 1 1 1 0 1 1 1 1 1 1 1 1 1 1 1 1 1 1 1 1 1 1 1 1 1 
1 1 1 1 1 1 1 1 1 1 1 1 1 1 1 1 1 1 1 1 1 1 1 1 1 1 1 1 1 1 1 1 1 1 1 1 1 1 1 1 1 0 1 1 1 1 1 1 1 1 1 1 1 1 1 1 1 1 1 1 1 1 
3 3 3 3 3 3 3 3 3 3 3 3 3 3 3 3 3 3 3 3 3 3 3 3 3 3 3 3 3 3 3 3 3 3 3 3 3 3 3 3 3 3 0 3 3 3 3 3 3 3 3 3 3 3 3 3 3 3 3 3 3 3 
2 2 2 2 2 2 2 2 2 2 2 2 2 2 2 2 2 2 2 2 2 2 2 2 2 2 2 2 2 2 2 2 2 2 2 2 2 2 2 2 2 2 2 0 2 2 2 2 2 2 2 2 2 2 2 2 2 2 2 2 2 2 
2 2 2 2 2 2 2 2 2 2 2 2 2 2 2 2 2 2 2 2 2 2 2 2 2 2 2 2 2 2 2 2 2 2 2 2 2 2 2 2 2 2 2 2 0 2 2 2 2 2 2 2 2 2 2 2 2 2 2 2 2 2 
1 1 1 1 1 1 1 1 1 1 1 1 1 1 1 1 1 1 1 1 1 1 1 1 1 1 1 1 1 1 1 1 1 1 1 1 1 1 1 1 1 1 1 1 1 0 1 1 1 1 1 1 1 1 1 1 1 1 1 1 1 1 
3 3 3 3 3 3 3 3 3 3 3 3 3 3 3 3 3 3 3 3 3 3 3 3 3 3 3 3 3 3 3 3 3 3 3 3 3 3 3 3 3 3 3 3 3 3 0 3 3 3 3 3 3 3 3 3 3 3 3 3 3 3 
3 3 3 3 3 3 3 3 3 3 3 3 3 3 3 3 3 3 3 3 3 3 3 3 3 3 3 3 3 3 3 3 3 3 3 3 3 3 3 3 3 3 3 3 3 3 3 0 3 3 3 3 3 3 3 3 3 3 3 3 3 3 
1 1 1 1 1 1 1 1 1 1 1 1 1 1 1 1 1 1 1 1 1 1 1 1 1 1 1 1 1 1 1 1 1 1 1 1 1 1 1 1 1 1 1 1 1 1 1 1 0 1 1 1 1 1 1 1 1 1 1 1 1 1 
3 3 3 3 3 3 3 3 3 3 3 3 3 3 3 3 3 3 3 3 3 3 3 3 3 3 3 3 3 3 3 3 3 3 3 3 3 3 3 3 3 3 3 3 3 3 3 3 3 0 3 3 3 3 3 3 3 3 3 3 3 3 
3 3 3 3 3 3 3 3 3 3 3 3 3 3 3 3 3 3 3 3 3 3 3 3 3 3 3 3 3 3 3 3 3 3 3 3 3 3 3 3 3 3 3 3 3 3 3 3 3 3 0 3 3 3 3 3 3 3 3 3 3 3 
2 2 2 2 2 2 2 2 2 2 2 2 2 2 2 2 2 2 2 2 2 2 2 2 2 2 2 2 2 2 2 2 2 2 2 2 2 2 2 2 2 2 2 2 2 2 2 2 2 2 2 0 2 2 2 2 2 2 2 2 2 2 
3 3 3 3 3 3 3 3 3 3 3 3 3 3 3 3 3 3 3 3 3 3 3 3 3 3 3 3 3 3 3 3 3 3 3 3 3 3 3 3 3 3 3 3 3 3 3 3 3 3 3 3 0 3 3 3 3 3 3 3 3 3 
2 2 2 2 2 2 2 2 2 2 2 2 2 2 2 2 2 2 2 2 2 2 2 2 2 2 2 2 2 2 2 2 2 2 2 2 2 2 2 2 2 2 2 2 2 2 2 2 2 2 2 2 2 0 2 2 2 2 2 2 2 2 
1 1 1 1 1 1 1 1 1 1 1 1 1 1 1 1 1 1 1 1 1 1 1 1 1 1 1 1 1 1 1 1 1 1 1 1 1 1 1 1 1 1 1 1 1 1 1 1 1 1 1 1 1 1 0 1 1 1 1 1 1 1 
1 1 1 1 1 1 1 1 1 1 1 1 1 1 1 1 1 1 1 1 1 1 1 1 1 1 1 1 1 1 1 1 1 1 1 1 1 1 1 1 1 1 1 1 1 1 1 1 1 1 1 1 1 1 1 0 1 1 1 1 1 1 
3 3 3 3 3 3 3 3 3 3 3 3 3 3 3 3 3 3 3 3 3 3 3 3 3 3 3 3 3 3 3 3 3 3 3 3 3 3 3 3 3 3 3 3 3 3 3 3 3 3 3 3 3 3 3 3 0 3 3 3 3 3 
1 1 1 1 1 1 1 1 1 1 1 1 1 1 1 1 1 1 1 1 1 1 1 1 1 1 1 1 1 1 1 1 1 1 1 1 1 1 1 1 1 1 1 1 1 1 1 1 1 1 1 1 1 1 1 1 1 0 1 1 1 1 
1 1 1 1 1 1 1 1 1 1 1 1 1 1 1 1 1 1 1 1 1 1 1 1 1 1 1 1 1 1 1 1 1 1 1 1 1 1 1 1 1 1 1 1 1 1 1 1 1 1 1 1 1 1 1 1 1 1 0 1 1 1 
3 3 3 3 3 3 3 3 3 3 3 3 3 3 3 3 3 3 3 3 3 3 3 3 3 3 3 3 3 3 3 3 3 3 3 3 3 3 3 3 3 3 3 3 3 3 3 3 3 3 3 3 3 3 3 3 3 3 3 0 3 3 
1 1 1 1 1 1 1 1 1 1 1 1 1 1 1 1 1 1 1 1 1 1 1 1 1 1 1 1 1 1 1 1 1 1 1 1 1 1 1 1 1 1 1 1 1 1 1 1 1 1 1 1 1 1 1 1 1 1 1 1 0 1 
3 3 3 3 3 3 3 3 3 3 3 3 3 3 3 3 3 3 3 3 3 3 3 3 3 3 3 3 3 3 3 3 3 3 3 3 3 3 3 3 3 3 3 3 3 3 3 3 3 3 3 3 3 3 3 3 3 3 3 3 3 0 
Time:
0	15
15	30
30	45
45	60
60	75
75	90
90	105
105	120
120	135
135	150
150	165
165	180
180	195
195	210
210	225
225	240
240	255
255	270
270	285
285	300
300	315
315	330
330	345
345	360
360	375
375	390
390	405
405	420
420	435
435	450
450	465
465	480
480	495
495	510
510	525
525	540
540	555
555	570
570	585
585	600
600	615
615	630
630	645
645	660
660	675
675	690
690	705
705	720
720	735
735	750
750	765
765	780
780	795
795	810
810	825
825	840
840	855
855	870
870	885
885	900
900	915
915	930
930	945
945	960
960	975
975	990
990	1005
1005	1020
1020	1035
1035	1050
1050	1065
1065	1080
1080	5000
Speed:
0.925	0.85	0.925	1	0.8325	0.765	0.8325	0.9	0.4625	0.425	0.4625	0.5	0.30525	0.2805	0.30525	0.33	0.37	0.34	0.37	0.4	0.555	0.51	0.555	0.6	0.6475	0.595	0.6475	0.7	0.37	0.34	0.37	0.4	0.30525	0.2805	0.30525	0.33	0.4625	0.425	0.4625	0.5	0.6475	0.595	0.6475	0.7	0.74	0.68	0.74	0.8	0.6475	0.595	0.6475	0.7	0.4625	0.425	0.4625	0.5	0.555	0.51	0.555	0.6	0.6475	0.595	0.6475	0.7	0.8325	0.765	0.8325	0.9	0.925	0.85	0.925	1	1	
0.925	0.85	0.925	1	0.8325	0.765	0.8325	0.9	0.4625	0.425	0.4625	0.5	0.30525	0.2805	0.30525	0.33	0.37	0.34	0.37	0.4	0.555	0.51	0.555	0.6	0.6475	0.595	0.6475	0.7	0.37	0.34	0.37	0.4	0.30525	0.2805	0.30525	0.33	0.4625	0.425	0.4625	0.5	0.6475	0.595	0.6475	0.7	0.74	0.68	0.74	0.8	0.6475	0.595	0.6475	0.7	0.4625	0.425	0.4625	0.5	0.555	0.51	0.555	0.6	0.6475	0.595	0.6475	0.7	0.8325	0.765	0.8325	0.9	0.925	0.85	0.925	1	1	
0.925	0.85	0.925	1	0.8325	0.765	0.8325	0.9	0.4625	0.425	0.4625	0.5	0.30525	0.2805	0.30525	0.33	0.37	0.34	0.37	0.4	0.555	0.51	0.555	0.6	0.6475	0.595	0.6475	0.7	0.37	0.34	0.37	0.4	0.30525	0.2805	0.30525	0.33	0.4625	0.425	0.4625	0.5	0.6475	0.595	0.6475	0.7	0.74	0.68	0.74	0.8	0.6475	0.595	0.6475	0.7	0.4625	0.425	0.4625	0.5	0.555	0.51	0.555	0.6	0.6475	0.595	0.6475	0.7	0.8325	0.765	0.8325	0.9	0.925	0.85	0.925	1	1	
