28
    1      40.00      50.00       0.00       0.00     960.00       0.00
    5      20.00      80.00      40.00     644.00     764.00      10.00
   10      10.00      35.00      20.00     371.00     491.00      10.00
   11      10.00      40.00      30.00     519.00     639.00      10.00
   13       8.00      45.00      20.00       0.00     917.00      10.00
   15       5.00      45.00      10.00      35.00     155.00      10.00
   36      67.00      85.00      20.00     657.00     777.00      10.00
   45      55.00      82.00      10.00     217.00     337.00      10.00
   53      25.00      30.00       3.00       0.00     925.00      10.00
   54      20.00      50.00       5.00     375.00     495.00      10.00
   55      55.00      60.00      16.00     601.00     721.00      10.00
   60      10.00      20.00      19.00       0.00     907.00      10.00
   61      15.00      60.00      17.00     694.00     814.00      10.00
   62      45.00      65.00       9.00     258.00     378.00      10.00
   70      31.00      52.00      27.00     157.00     277.00      10.00
   71      35.00      69.00      23.00     810.00     930.00      10.00
   74       2.00      60.00       5.00     286.00     406.00      10.00
   76       5.00       5.00      16.00       0.00     892.00      10.00
   79       8.00      56.00      27.00     365.00     485.00      10.00
   80       6.00      68.00      30.00     352.00     472.00      10.00
   83      27.00      43.00       9.00       0.00     935.00      10.00
   84      37.00      31.00      14.00       0.00     930.00      10.00
   89      24.00      58.00      19.00     260.00     380.00      10.00
   91      37.00      47.00       6.00     359.00     479.00      10.00
   92      49.00      42.00      13.00       0.00     937.00      10.00
   98       4.00      18.00      35.00     547.00     667.00      10.00
   99      26.00      52.00       9.00       0.00     935.00      10.00
  101      31.00      67.00       3.00     810.00     930.00      10.00