28
    1      40.00      50.00       0.00       0.00     960.00       0.00
    5      20.00      80.00      40.00     674.00     734.00      10.00
   10      10.00      35.00      20.00     401.00     461.00      10.00
   11      10.00      40.00      30.00     535.00     622.00      10.00
   28      95.00      35.00      20.00     138.00     273.00      10.00
   29      92.00      30.00      10.00      78.00     339.00      10.00
   30      90.00      35.00      10.00     132.00     375.00      10.00
   31      88.00      30.00      10.00     252.00     359.00      10.00
   32      88.00      35.00      20.00      50.00     530.00      10.00
   34      85.00      25.00      10.00      71.00     208.00      10.00
   36      67.00      85.00      20.00     655.00     778.00      10.00
   38      65.00      82.00      10.00     377.00     857.00      10.00
   44      55.00      85.00      20.00     531.00     736.00      10.00
   54      20.00      50.00       5.00     405.00     465.00      10.00
   56      30.00      60.00      16.00     629.00     689.00      10.00
   63      65.00      35.00       3.00     197.00     257.00      10.00
   64      65.00      20.00       6.00      39.00     316.00      10.00
   68      64.00      42.00       9.00     298.00     358.00      10.00
   69      40.00      60.00      21.00     613.00     730.00      10.00
   81      47.00      47.00      13.00     817.00     942.00      10.00
   82      49.00      58.00      10.00     332.00     497.00      10.00
   86      63.00      23.00       2.00     164.00     644.00      10.00
   87      21.00      24.00      28.00     310.00     507.00      10.00
   88      12.00      24.00      13.00     389.00     449.00      10.00
   91      37.00      47.00       6.00     311.00     526.00      10.00
   92      49.00      42.00      13.00     457.00     937.00      10.00
   94      61.00      52.00       3.00     789.00     928.00      10.00
  100      26.00      35.00      15.00     338.00     398.00      10.00