38
    1      40.00      50.00       0.00       0.00     960.00       0.00
    2      25.00      85.00      20.00     613.00     853.00      10.00
    3      22.00      75.00      30.00      92.00     332.00      10.00
    4      22.00      85.00      10.00     411.00     651.00      10.00
    5      20.00      80.00      40.00     584.00     824.00      10.00
    6      20.00      85.00      20.00      40.00     280.00      10.00
    7      18.00      75.00      20.00     328.00     568.00      10.00
    8      15.00      75.00      20.00     240.00     480.00      10.00
    9      15.00      80.00      10.00     307.00     547.00      10.00
   12       8.00      40.00      40.00     135.00     375.00      10.00
   13       8.00      45.00      20.00     163.00     403.00      10.00
   15       5.00      45.00      10.00      35.00     275.00      10.00
   16       2.00      40.00      20.00     114.00     354.00      10.00
   17       0.00      40.00      20.00     195.00     435.00      10.00
   18       0.00      45.00      20.00     643.00     883.00      10.00
   36      67.00      85.00      20.00     597.00     837.00      10.00
   38      65.00      82.00      10.00     497.00     737.00      10.00
   44      55.00      85.00      20.00     514.00     754.00      10.00
   46      20.00      82.00      10.00      37.00     277.00      10.00
   47      18.00      80.00      10.00     429.00     669.00      10.00
   48       2.00      45.00      10.00      45.00     285.00      10.00
   54      20.00      50.00       5.00     315.00     555.00      10.00
   55      55.00      60.00      16.00     541.00     781.00      10.00
   56      30.00      60.00      16.00     539.00     779.00      10.00
   61      15.00      60.00      17.00     634.00     874.00      10.00
   69      40.00      60.00      21.00     552.00     792.00      10.00
   70      31.00      52.00      27.00      97.00     337.00      10.00
   71      35.00      69.00      23.00     690.00     930.00      10.00
   74       2.00      60.00       5.00     226.00     466.00      10.00
   79       8.00      56.00      27.00     305.00     545.00      10.00
   80       6.00      68.00      30.00     292.00     532.00      10.00
   89      24.00      58.00      19.00     200.00     440.00      10.00
   91      37.00      47.00       6.00     299.00     539.00      10.00
   94      61.00      52.00       3.00     688.00     928.00      10.00
   97      55.00      54.00      26.00     502.00     742.00      10.00
   99      26.00      52.00       9.00     112.00     352.00      10.00
  100      26.00      35.00      15.00     248.00     488.00      10.00
  101      31.00      67.00       3.00     690.00     930.00      10.00