29
    1      40.00      50.00       0.00       0.00     960.00       0.00
    7      18.00      75.00      20.00     388.00     508.00      10.00
    9      15.00      80.00      10.00     367.00     487.00      10.00
   14       5.00      35.00      10.00     653.00     773.00      10.00
   18       0.00      45.00      20.00     703.00     823.00      10.00
   24      38.00       5.00      30.00     201.00     321.00      10.00
   25      38.00      15.00      10.00     681.00     801.00      10.00
   26      35.00       5.00      20.00     784.00     904.00      10.00
   37      65.00      85.00      40.00      43.00     163.00      10.00
   38      65.00      82.00      10.00       0.00     909.00      10.00
   39      62.00      80.00      30.00     278.00     398.00      10.00
   40      60.00      80.00      10.00      64.00     184.00      10.00
   41      60.00      85.00      30.00     329.00     449.00      10.00
   42      58.00      75.00      20.00     376.00     496.00      10.00
   43      55.00      80.00      10.00      33.00     153.00      10.00
   44      55.00      85.00      20.00     574.00     694.00      10.00
   47      18.00      80.00      10.00     489.00     609.00      10.00
   56      30.00      60.00      16.00     599.00     719.00      10.00
   59      15.00      10.00      20.00     782.00     902.00      10.00
   63      65.00      35.00       3.00     167.00     287.00      10.00
   65      45.00      30.00      17.00     191.00     311.00      10.00
   66      35.00      40.00      16.00      11.00     131.00      10.00
   68      64.00      42.00       9.00     268.00     388.00      10.00
   69      40.00      60.00      21.00     612.00     732.00      10.00
   72      65.00      55.00      14.00     241.00     361.00      10.00
   73      63.00      65.00       8.00       0.00     922.00      10.00
   75      20.00      20.00       8.00     645.00     765.00      10.00
   78      23.00       3.00       7.00     764.00     884.00      10.00
   82      49.00      58.00      10.00     355.00     475.00      10.00