15
    1      40.00      50.00       0.00       0.00     960.00       0.00
    2      25.00      85.00      20.00       0.00     911.00      10.00
    4      22.00      85.00      10.00       0.00     910.00      10.00
    6      20.00      85.00      20.00       0.00     909.00      10.00
    8      15.00      75.00      20.00       0.00     914.00      10.00
   12       8.00      40.00      40.00     195.00     315.00      10.00
   16       2.00      40.00      20.00     174.00     294.00      10.00
   17       0.00      40.00      20.00       0.00     908.00      10.00
   44      55.00      85.00      20.00       0.00     911.00      10.00
   46      20.00      82.00      10.00      37.00     157.00      10.00
   47      18.00      80.00      10.00       0.00     912.00      10.00
   62      45.00      65.00       9.00       0.00     934.00      10.00
   74       2.00      60.00       5.00       0.00     910.00      10.00
   83      27.00      43.00       9.00       0.00     935.00      10.00
  100      26.00      35.00      15.00     308.00     428.00      10.00