33
    1      40.00      50.00       0.00       0.00     960.00       0.00
    2      25.00      85.00      20.00     591.00     874.00      10.00
    3      22.00      75.00      30.00      73.00     350.00      10.00
    4      22.00      85.00      10.00     473.00     588.00      10.00
    5      20.00      80.00      40.00     418.00     913.00      10.00
    6      20.00      85.00      20.00      40.00     390.00      10.00
   36      67.00      85.00      20.00     396.00     905.00      10.00
   37      65.00      85.00      40.00      43.00     712.00      10.00
   38      65.00      82.00      10.00     530.00     703.00      10.00
   39      62.00      80.00      30.00     131.00     544.00      10.00
   40      60.00      80.00      10.00      36.00     800.00      10.00
   41      60.00      85.00      30.00     233.00     544.00      10.00
   42      58.00      75.00      20.00     207.00     664.00      10.00
   43      55.00      80.00      10.00      33.00     624.00      10.00
   44      55.00      85.00      20.00     549.00     718.00      10.00
   45      55.00      82.00      10.00      62.00     491.00      10.00
   46      20.00      82.00      10.00      37.00     677.00      10.00
   47      18.00      80.00      10.00     435.00     662.00      10.00
   54      20.00      50.00       5.00     284.00     585.00      10.00
   55      55.00      60.00      16.00     568.00     753.00      10.00
   56      30.00      60.00      16.00     421.00     896.00      10.00
   62      45.00      65.00       9.00     230.00     405.00      10.00
   67      41.00      37.00      16.00     423.00     828.00      10.00
   69      40.00      60.00      21.00     441.00     902.00      10.00
   71      35.00      69.00      23.00     211.00     930.00      10.00
   72      65.00      55.00      14.00     201.00     400.00      10.00
   73      63.00      65.00       8.00      27.00     382.00      10.00
   82      49.00      58.00      10.00     369.00     460.00      10.00
   89      24.00      58.00      19.00     100.00     539.00      10.00
   91      37.00      47.00       6.00     324.00     513.00      10.00
   94      61.00      52.00       3.00     298.00     928.00      10.00
   95      57.00      48.00      23.00     385.00     518.00      10.00
  101      31.00      67.00       3.00     262.00     930.00      10.00