46
    1      40.00      50.00       0.00       0.00     960.00       0.00
    2      25.00      85.00      20.00       0.00     911.00      10.00
    3      22.00      75.00      30.00       0.00     919.00      10.00
    4      22.00      85.00      10.00       0.00     910.00      10.00
    6      20.00      85.00      20.00       0.00     909.00      10.00
    7      18.00      75.00      20.00       0.00     916.00      10.00
    8      15.00      75.00      20.00       0.00     914.00      10.00
    9      15.00      80.00      10.00     367.00     487.00      10.00
   14       5.00      35.00      10.00     653.00     773.00      10.00
   15       5.00      45.00      10.00       0.00     914.00      10.00
   17       0.00      40.00      20.00       0.00     908.00      10.00
   18       0.00      45.00      20.00       0.00     909.00      10.00
   21      42.00      15.00      10.00       0.00     914.00      10.00
   23      40.00      15.00      40.00       0.00     915.00      10.00
   26      35.00       5.00      20.00     784.00     904.00      10.00
   36      67.00      85.00      20.00       0.00     905.00      10.00
   37      65.00      85.00      40.00       0.00     906.00      10.00
   38      65.00      82.00      10.00       0.00     909.00      10.00
   39      62.00      80.00      30.00     278.00     398.00      10.00
   40      60.00      80.00      10.00       0.00     913.00      10.00
   41      60.00      85.00      30.00       0.00     909.00      10.00
   42      58.00      75.00      20.00       0.00     919.00      10.00
   43      55.00      80.00      10.00       0.00     916.00      10.00
   44      55.00      85.00      20.00       0.00     911.00      10.00
   45      55.00      82.00      10.00     217.00     337.00      10.00
   46      20.00      82.00      10.00       0.00     912.00      10.00
   47      18.00      80.00      10.00       0.00     912.00      10.00
   48       2.00      45.00      10.00       0.00     911.00      10.00
   55      55.00      60.00      16.00       0.00     931.00      10.00
   59      15.00      10.00      20.00     782.00     902.00      10.00
   61      15.00      60.00      17.00       0.00     923.00      10.00
   62      45.00      65.00       9.00       0.00     934.00      10.00
   69      40.00      60.00      21.00       0.00     940.00      10.00
   70      31.00      52.00      27.00     157.00     277.00      10.00
   71      35.00      69.00      23.00       0.00     930.00      10.00
   74       2.00      60.00       5.00       0.00     910.00      10.00
   75      20.00      20.00       8.00     645.00     765.00      10.00
   78      23.00       3.00       7.00     764.00     884.00      10.00
   79       8.00      56.00      27.00       0.00     917.00      10.00
   80       6.00      68.00      30.00     352.00     472.00      10.00
   81      47.00      47.00      13.00       0.00     942.00      10.00
   82      49.00      58.00      10.00       0.00     937.00      10.00
   92      49.00      42.00      13.00       0.00     937.00      10.00
   93      53.00      43.00      14.00      14.00     134.00      10.00
   97      55.00      54.00      26.00       0.00     934.00      10.00
  101      31.00      67.00       3.00     810.00     930.00      10.00