36
    1      40.00      50.00       0.00       0.00     960.00       0.00
    2      25.00      85.00      20.00     388.00     911.00      10.00
    3      22.00      75.00      30.00      30.00     546.00      10.00
    4      22.00      85.00      10.00     353.00     708.00      10.00
    5      20.00      80.00      40.00     425.00     913.00      10.00
    6      20.00      85.00      20.00      40.00     630.00      10.00
    7      18.00      75.00      20.00     228.00     667.00      10.00
    8      15.00      75.00      20.00     161.00     558.00      10.00
    9      15.00      80.00      10.00     229.00     624.00      10.00
   10      10.00      35.00      20.00     213.00     648.00      10.00
   11      10.00      40.00      30.00     404.00     753.00      10.00
   12       8.00      40.00      40.00      33.00     511.00      10.00
   13       8.00      45.00      20.00      46.00     519.00      10.00
   14       5.00      35.00      10.00     395.00     911.00      10.00
   15       5.00      45.00      10.00      35.00     697.00      10.00
   16       2.00      40.00      20.00      39.00     528.00      10.00
   17       0.00      40.00      20.00      94.00     535.00      10.00
   18       0.00      45.00      20.00     394.00     909.00      10.00
   46      20.00      82.00      10.00      37.00     597.00      10.00
   47      18.00      80.00      10.00     315.00     782.00      10.00
   48       2.00      45.00      10.00      38.00     606.00      10.00
   53      25.00      30.00       3.00      25.00     516.00      10.00
   54      20.00      50.00       5.00     239.00     630.00      10.00
   56      30.00      60.00      16.00     420.00     897.00      10.00
   60      10.00      20.00      19.00      42.00     706.00      10.00
   61      15.00      60.00      17.00     401.00     923.00      10.00
   69      40.00      60.00      21.00     436.00     907.00      10.00
   71      35.00      69.00      23.00     330.00     930.00      10.00
   74       2.00      60.00       5.00     135.00     556.00      10.00
   79       8.00      56.00      27.00     190.00     659.00      10.00
   80       6.00      68.00      30.00     215.00     608.00      10.00
   87      21.00      24.00      28.00     212.00     605.00      10.00
   88      12.00      24.00      13.00     272.00     565.00      10.00
   89      24.00      58.00      19.00      90.00     549.00      10.00
  100      26.00      35.00      15.00     149.00     586.00      10.00
  101      31.00      67.00       3.00     356.00     930.00      10.00