33
    1      40.00      50.00       0.00       0.00     960.00       0.00
   19      44.00       5.00      20.00     335.00     455.00      10.00
   20      42.00      10.00      40.00     254.00     374.00      10.00
   21      42.00      15.00      10.00     537.00     657.00      10.00
   22      40.00       5.00      10.00       0.00     905.00      10.00
   23      40.00      15.00      40.00     375.00     495.00      10.00
   27      95.00      30.00      30.00       0.00     891.00      10.00
   28      95.00      35.00      20.00     146.00     266.00      10.00
   29      92.00      30.00      10.00     149.00     269.00      10.00
   30      90.00      35.00      10.00     194.00     314.00      10.00
   31      88.00      30.00      10.00     246.00     366.00      10.00
   32      88.00      35.00      20.00       0.00     899.00      10.00
   33      87.00      30.00      10.00     621.00     741.00      10.00
   34      85.00      25.00      10.00      80.00     200.00      10.00
   35      85.00      35.00      30.00       0.00     902.00      10.00
   49      42.00       5.00      10.00       0.00     904.00      10.00
   50      42.00      12.00      10.00     440.00     560.00      10.00
   51      72.00      35.00      30.00       0.00     914.00      10.00
   52      55.00      20.00      19.00     326.00     446.00      10.00
   57      50.00      35.00      19.00     557.00     677.00      10.00
   58      30.00      25.00      23.00     397.00     517.00      10.00
   64      65.00      20.00       6.00      39.00     159.00      10.00
   67      41.00      37.00      16.00     566.00     686.00      10.00
   77      60.00      12.00      31.00     268.00     388.00      10.00
   81      47.00      47.00      13.00     822.00     942.00      10.00
   85      57.00      29.00      18.00     395.00     515.00      10.00
   86      63.00      23.00       2.00       0.00     914.00      10.00
   87      21.00      24.00      28.00     349.00     469.00      10.00
   88      12.00      24.00      13.00     359.00     479.00      10.00
   90      67.00       5.00      25.00     713.00     833.00      10.00
   93      53.00      43.00      14.00      14.00     134.00      10.00
   94      61.00      52.00       3.00     808.00     928.00      10.00
   96      56.00      37.00       6.00       0.00     929.00      10.00