31
    1      40.00      50.00       0.00       0.00     960.00       0.00
    7      18.00      75.00      20.00     249.00     646.00      10.00
    8      15.00      75.00      20.00     281.00     438.00      10.00
    9      15.00      80.00      10.00     272.00     581.00      10.00
   10      10.00      35.00      20.00     236.00     625.00      10.00
   11      10.00      40.00      30.00     470.00     687.00      10.00
   12       8.00      40.00      40.00      33.00     510.00      10.00
   13       8.00      45.00      20.00     166.00     399.00      10.00
   14       5.00      35.00      10.00     359.00     911.00      10.00
   15       5.00      45.00      10.00      35.00     457.00      10.00
   16       2.00      40.00      20.00      39.00     538.00      10.00
   17       0.00      40.00      20.00     214.00     415.00      10.00
   18       0.00      45.00      20.00     359.00     909.00      10.00
   48       2.00      45.00      10.00      38.00     366.00      10.00
   53      25.00      30.00       3.00     109.00     360.00      10.00
   57      50.00      35.00      19.00     404.00     829.00      10.00
   58      30.00      25.00      23.00     347.00     566.00      10.00
   60      10.00      20.00      19.00      42.00     466.00      10.00
   70      31.00      52.00      27.00       9.00     532.00      10.00
   74       2.00      60.00       5.00     255.00     436.00      10.00
   75      20.00      20.00       8.00     427.00     913.00      10.00
   76       5.00       5.00      16.00     183.00     400.00      10.00
   79       8.00      56.00      27.00     195.00     654.00      10.00
   80       6.00      68.00      30.00     258.00     565.00      10.00
   81      47.00      47.00      13.00     426.00     942.00      10.00
   87      21.00      24.00      28.00     332.00     485.00      10.00
   88      12.00      24.00      13.00     365.00     472.00      10.00
   92      49.00      42.00      13.00     651.00     906.00      10.00
   97      55.00      54.00      26.00     538.00     705.00      10.00
   98       4.00      18.00      35.00     546.00     667.00      10.00
  100      26.00      35.00      15.00     170.00     565.00      10.00