26
    1      40.00      50.00       0.00       0.00     960.00       0.00
   12       8.00      40.00      40.00     195.00     315.00      10.00
   15       5.00      45.00      10.00      35.00     155.00      10.00
   16       2.00      40.00      20.00     174.00     294.00      10.00
   20      42.00      10.00      40.00     254.00     374.00      10.00
   22      40.00       5.00      10.00     215.00     335.00      10.00
   24      38.00       5.00      30.00     201.00     321.00      10.00
   25      38.00      15.00      10.00     681.00     801.00      10.00
   26      35.00       5.00      20.00     784.00     904.00      10.00
   27      95.00      30.00      30.00     529.00     649.00      10.00
   33      87.00      30.00      10.00     621.00     741.00      10.00
   35      85.00      35.00      30.00     487.00     607.00      10.00
   41      60.00      85.00      30.00     329.00     449.00      10.00
   42      58.00      75.00      20.00     376.00     496.00      10.00
   48       2.00      45.00      10.00     105.00     225.00      10.00
   49      42.00       5.00      10.00     732.00     852.00      10.00
   51      72.00      35.00      30.00     507.00     627.00      10.00
   53      25.00      30.00       3.00     175.00     295.00      10.00
   57      50.00      35.00      19.00     557.00     677.00      10.00
   59      15.00      10.00      20.00     782.00     902.00      10.00
   60      10.00      20.00      19.00      42.00     162.00      10.00
   76       5.00       5.00      16.00     232.00     352.00      10.00
   78      23.00       3.00       7.00     764.00     884.00      10.00
   85      57.00      29.00      18.00     395.00     515.00      10.00
   90      67.00       5.00      25.00     713.00     833.00      10.00
   95      57.00      48.00      23.00     392.00     512.00      10.00