37
    1      40.00      50.00       0.00       0.00     960.00       0.00
   10      10.00      35.00      20.00     311.00     551.00      10.00
   11      10.00      40.00      30.00     459.00     699.00      10.00
   14       5.00      35.00      10.00     593.00     833.00      10.00
   19      44.00       5.00      20.00     275.00     515.00      10.00
   20      42.00      10.00      40.00     194.00     434.00      10.00
   21      42.00      15.00      10.00     477.00     717.00      10.00
   22      40.00       5.00      10.00     155.00     395.00      10.00
   23      40.00      15.00      40.00     315.00     555.00      10.00
   24      38.00       5.00      30.00     141.00     381.00      10.00
   25      38.00      15.00      10.00     621.00     861.00      10.00
   26      35.00       5.00      20.00     664.00     904.00      10.00
   49      42.00       5.00      10.00     664.00     904.00      10.00
   50      42.00      12.00      10.00     380.00     620.00      10.00
   52      55.00      20.00      19.00     266.00     506.00      10.00
   53      25.00      30.00       3.00     115.00     355.00      10.00
   58      30.00      25.00      23.00     337.00     577.00      10.00
   59      15.00      10.00      20.00     662.00     902.00      10.00
   60      10.00      20.00      19.00      42.00     282.00      10.00
   65      45.00      30.00      17.00     131.00     371.00      10.00
   66      35.00      40.00      16.00      11.00     251.00      10.00
   75      20.00      20.00       8.00     585.00     825.00      10.00
   76       5.00       5.00      16.00     172.00     412.00      10.00
   77      60.00      12.00      31.00     208.00     448.00      10.00
   78      23.00       3.00       7.00     660.00     900.00      10.00
   81      47.00      47.00      13.00     702.00     942.00      10.00
   83      27.00      43.00       9.00      92.00     332.00      10.00
   84      37.00      31.00      14.00      45.00     285.00      10.00
   85      57.00      29.00      18.00     335.00     575.00      10.00
   86      63.00      23.00       2.00     284.00     524.00      10.00
   87      21.00      24.00      28.00     289.00     529.00      10.00
   88      12.00      24.00      13.00     299.00     539.00      10.00
   90      67.00       5.00      25.00     653.00     893.00      10.00
   92      49.00      42.00      13.00     659.00     899.00      10.00
   93      53.00      43.00      14.00      14.00     254.00      10.00
   96      56.00      37.00       6.00      40.00     280.00      10.00
   98       4.00      18.00      35.00     487.00     727.00      10.00