25
    1      40.00      50.00       0.00       0.00     960.00       0.00
   27      95.00      30.00      30.00     469.00     709.00      10.00
   28      95.00      35.00      20.00      86.00     326.00      10.00
   29      92.00      30.00      10.00      89.00     329.00      10.00
   30      90.00      35.00      10.00     134.00     374.00      10.00
   31      88.00      30.00      10.00     186.00     426.00      10.00
   32      88.00      35.00      20.00     105.00     345.00      10.00
   33      87.00      30.00      10.00     561.00     801.00      10.00
   34      85.00      25.00      10.00      51.00     291.00      10.00
   35      85.00      35.00      30.00     427.00     667.00      10.00
   39      62.00      80.00      30.00     218.00     458.00      10.00
   41      60.00      85.00      30.00     269.00     509.00      10.00
   42      58.00      75.00      20.00     316.00     556.00      10.00
   45      55.00      82.00      10.00     157.00     397.00      10.00
   51      72.00      35.00      30.00     447.00     687.00      10.00
   57      50.00      35.00      19.00     497.00     737.00      10.00
   62      45.00      65.00       9.00     198.00     438.00      10.00
   63      65.00      35.00       3.00     107.00     347.00      10.00
   64      65.00      20.00       6.00      39.00     279.00      10.00
   67      41.00      37.00      16.00     506.00     746.00      10.00
   68      64.00      42.00       9.00     208.00     448.00      10.00
   72      65.00      55.00      14.00     181.00     421.00      10.00
   73      63.00      65.00       8.00      27.00     267.00      10.00
   82      49.00      58.00      10.00     295.00     535.00      10.00
   95      57.00      48.00      23.00     332.00     572.00      10.00