34
    1      40.00      50.00       0.00       0.00     960.00       0.00
   19      44.00       5.00      20.00     338.00     451.00      10.00
   20      42.00      10.00      40.00     205.00     422.00      10.00
   21      42.00      15.00      10.00     511.00     682.00      10.00
   22      40.00       5.00      10.00     158.00     391.00      10.00
   23      40.00      15.00      40.00     263.00     606.00      10.00
   24      38.00       5.00      30.00      45.00     522.00      10.00
   25      38.00      15.00      10.00     598.00     883.00      10.00
   26      35.00       5.00      20.00     348.00     904.00      10.00
   27      95.00      30.00      30.00     509.00     668.00      10.00
   28      95.00      35.00      20.00      57.00     664.00      10.00
   29      92.00      30.00      10.00      68.00     349.00      10.00
   30      90.00      35.00      10.00     131.00     376.00      10.00
   31      88.00      30.00      10.00     114.00     497.00      10.00
   32      88.00      35.00      20.00     102.00     347.00      10.00
   33      87.00      30.00      10.00     564.00     797.00      10.00
   34      85.00      25.00      10.00      51.00     673.00      10.00
   35      85.00      35.00      30.00     462.00     631.00      10.00
   49      42.00       5.00      10.00     636.00     904.00      10.00
   50      42.00      12.00      10.00     423.00     576.00      10.00
   51      72.00      35.00      30.00     471.00     662.00      10.00
   52      55.00      20.00      19.00     281.00     490.00      10.00
   59      15.00      10.00      20.00     380.00     902.00      10.00
   61      15.00      60.00      17.00     613.00     894.00      10.00
   63      65.00      35.00       3.00      29.00     587.00      10.00
   64      65.00      20.00       6.00      39.00     353.00      10.00
   68      64.00      42.00       9.00     112.00     543.00      10.00
   77      60.00      12.00      31.00     162.00     493.00      10.00
   78      23.00       3.00       7.00     360.00     900.00      10.00
   85      57.00      29.00      18.00     304.00     605.00      10.00
   86      63.00      23.00       2.00     318.00     489.00      10.00
   90      67.00       5.00      25.00     565.00     897.00      10.00
   93      53.00      43.00      14.00      14.00     669.00      10.00
   96      56.00      37.00       6.00      20.00     299.00      10.00