35
    1      40.00      50.00       0.00       0.00     960.00       0.00
    2      25.00      85.00      20.00     431.00     911.00      10.00
    3      22.00      75.00      30.00      30.00     510.00      10.00
    4      22.00      85.00      10.00     291.00     771.00      10.00
    6      20.00      85.00      20.00      40.00     520.00      10.00
    7      18.00      75.00      20.00     393.00     502.00      10.00
    8      15.00      75.00      20.00     120.00     600.00      10.00
    9      15.00      80.00      10.00     397.00     457.00      10.00
   13       8.00      45.00      20.00      43.00     523.00      10.00
   15       5.00      45.00      10.00      35.00     366.00      10.00
   25      38.00      15.00      10.00     609.00     872.00      10.00
   26      35.00       5.00      20.00     821.00     881.00      10.00
   27      95.00      30.00      30.00     349.00     829.00      10.00
   33      87.00      30.00      10.00     562.00     799.00      10.00
   35      85.00      35.00      30.00     307.00     787.00      10.00
   47      18.00      80.00      10.00     432.00     665.00      10.00
   48       2.00      45.00      10.00      38.00     322.00      10.00
   49      42.00       5.00      10.00     424.00     904.00      10.00
   51      72.00      35.00      30.00     327.00     807.00      10.00
   53      25.00      30.00       3.00      25.00     505.00      10.00
   55      55.00      60.00      16.00     554.00     767.00      10.00
   59      15.00      10.00      20.00     842.00     902.00      10.00
   65      45.00      30.00      17.00     191.00     310.00      10.00
   66      35.00      40.00      16.00      11.00     140.00      10.00
   74       2.00      60.00       5.00     240.00     451.00      10.00
   78      23.00       3.00       7.00     794.00     854.00      10.00
   79       8.00      56.00      27.00     366.00     483.00      10.00
   80       6.00      68.00      30.00     382.00     442.00      10.00
   83      27.00      43.00       9.00      14.00     494.00      10.00
   84      37.00      31.00      14.00      19.00     499.00      10.00
   89      24.00      58.00      19.00     262.00     377.00      10.00
   90      67.00       5.00      25.00     611.00     897.00      10.00
   97      55.00      54.00      26.00     382.00     862.00      10.00
   99      26.00      52.00       9.00      14.00     494.00      10.00
  101      31.00      67.00       3.00     870.00     930.00      10.00