14
    1      40.00      50.00       0.00       0.00     960.00       0.00
   37      65.00      85.00      40.00      43.00     186.00      10.00
   39      62.00      80.00      30.00     308.00     368.00      10.00
   40      60.00      80.00      10.00      46.00     201.00      10.00
   41      60.00      85.00      30.00     339.00     438.00      10.00
   42      58.00      75.00      20.00     377.00     494.00      10.00
   43      55.00      80.00      10.00      33.00     166.00      10.00
   45      55.00      82.00      10.00     247.00     307.00      10.00
   62      45.00      65.00       9.00     214.00     421.00      10.00
   70      31.00      52.00      27.00     187.00     247.00      10.00
   72      65.00      55.00      14.00     191.00     410.00      10.00
   73      63.00      65.00       8.00      27.00     507.00      10.00
   93      53.00      43.00      14.00      14.00      74.00      10.00
   95      57.00      48.00      23.00     212.00     692.00      10.00