19
    1      40.00      50.00       0.00       0.00     960.00       0.00
    7      18.00      75.00      20.00     388.00     508.00      10.00
    9      15.00      80.00      10.00     367.00     487.00      10.00
   25      38.00      15.00      10.00       0.00     914.00      10.00
   39      62.00      80.00      30.00     278.00     398.00      10.00
   41      60.00      85.00      30.00     329.00     449.00      10.00
   42      58.00      75.00      20.00     376.00     496.00      10.00
   45      55.00      82.00      10.00     217.00     337.00      10.00
   58      30.00      25.00      23.00       0.00     923.00      10.00
   65      45.00      30.00      17.00     191.00     311.00      10.00
   66      35.00      40.00      16.00      11.00     131.00      10.00
   70      31.00      52.00      27.00     157.00     277.00      10.00
   87      21.00      24.00      28.00       0.00     917.00      10.00
   84      37.00      31.00      14.00       0.00     930.00      10.00
   89      24.00      58.00      19.00     260.00     380.00      10.00
   91      37.00      47.00       6.00       0.00     945.00      10.00
   92      49.00      42.00      13.00       0.00     937.00      10.00
   93      53.00      43.00      14.00      14.00     134.00      10.00
   99      26.00      52.00       9.00       0.00     935.00      10.00