33
    1      40.00      50.00       0.00       0.00     960.00       0.00
    5      20.00      80.00      40.00     644.00     764.00      10.00
   10      10.00      35.00      20.00     371.00     491.00      10.00
   11      10.00      40.00      30.00       0.00     918.00      10.00
   12       8.00      40.00      40.00     195.00     315.00      10.00
   13       8.00      45.00      20.00       0.00     917.00      10.00
   16       2.00      40.00      20.00     174.00     294.00      10.00
   19      44.00       5.00      20.00       0.00     904.00      10.00
   20      42.00      10.00      40.00       0.00     909.00      10.00
   22      40.00       5.00      10.00       0.00     905.00      10.00
   24      38.00       5.00      30.00     201.00     321.00      10.00
   25      38.00      15.00      10.00       0.00     914.00      10.00
   49      42.00       5.00      10.00       0.00     904.00      10.00
   50      42.00      12.00      10.00       0.00     911.00      10.00
   53      25.00      30.00       3.00       0.00     925.00      10.00
   54      20.00      50.00       5.00     375.00     495.00      10.00
   56      30.00      60.00      16.00     599.00     719.00      10.00
   57      50.00      35.00      19.00       0.00     931.00      10.00
   58      30.00      25.00      23.00       0.00     923.00      10.00
   60      10.00      20.00      19.00       0.00     907.00      10.00
   65      45.00      30.00      17.00       0.00     929.00      10.00
   66      35.00      40.00      16.00       0.00     938.00      10.00
   67      41.00      37.00      16.00       0.00     936.00      10.00
   76       5.00       5.00      16.00       0.00     892.00      10.00
   83      27.00      43.00       9.00       0.00     935.00      10.00
   84      37.00      31.00      14.00       0.00     930.00      10.00
   87      21.00      24.00      28.00       0.00     917.00      10.00
   88      12.00      24.00      13.00     359.00     479.00      10.00
   89      24.00      58.00      19.00       0.00     932.00      10.00
   91      37.00      47.00       6.00       0.00     945.00      10.00
   98       4.00      18.00      35.00       0.00     901.00      10.00
   99      26.00      52.00       9.00       0.00     935.00      10.00
  100      26.00      35.00      15.00     308.00     428.00      10.00