24
    1      40.00      50.00       0.00       0.00     960.00       0.00
   27      95.00      30.00      30.00       0.00     891.00      10.00
   28      95.00      35.00      20.00       0.00     892.00      10.00
   29      92.00      30.00      10.00       0.00     894.00      10.00
   30      90.00      35.00      10.00       0.00     897.00      10.00
   31      88.00      30.00      10.00       0.00     898.00      10.00
   32      88.00      35.00      20.00       0.00     899.00      10.00
   33      87.00      30.00      10.00       0.00     898.00      10.00
   34      85.00      25.00      10.00       0.00     898.00      10.00
   35      85.00      35.00      30.00       0.00     902.00      10.00
   51      72.00      35.00      30.00       0.00     914.00      10.00
   52      55.00      20.00      19.00       0.00     916.00      10.00
   63      65.00      35.00       3.00     167.00     287.00      10.00
   64      65.00      20.00       6.00       0.00     910.00      10.00
   68      64.00      42.00       9.00     268.00     388.00      10.00
   72      65.00      55.00      14.00       0.00     924.00      10.00
   73      63.00      65.00       8.00       0.00     922.00      10.00
   77      60.00      12.00      31.00     268.00     388.00      10.00
   85      57.00      29.00      18.00     395.00     515.00      10.00
   86      63.00      23.00       2.00       0.00     914.00      10.00
   90      67.00       5.00      25.00       0.00     897.00      10.00
   94      61.00      52.00       3.00       0.00     928.00      10.00
   95      57.00      48.00      23.00       0.00     932.00      10.00
   96      56.00      37.00       6.00       0.00     929.00      10.00