33
    1      40.00      50.00       0.00       0.00     960.00       0.00
    3      22.00      75.00      30.00       0.00     919.00      10.00
    5      20.00      80.00      40.00     644.00     764.00      10.00
   19      44.00       5.00      20.00       0.00     904.00      10.00
   20      42.00      10.00      40.00       0.00     909.00      10.00
   21      42.00      15.00      10.00       0.00     914.00      10.00
   22      40.00       5.00      10.00       0.00     905.00      10.00
   23      40.00      15.00      40.00     375.00     495.00      10.00
   24      38.00       5.00      30.00     201.00     321.00      10.00
   36      67.00      85.00      20.00     657.00     777.00      10.00
   37      65.00      85.00      40.00      43.00     163.00      10.00
   38      65.00      82.00      10.00       0.00     909.00      10.00
   40      60.00      80.00      10.00      64.00     184.00      10.00
   43      55.00      80.00      10.00      33.00     153.00      10.00
   49      42.00       5.00      10.00       0.00     904.00      10.00
   50      42.00      12.00      10.00     440.00     560.00      10.00
   53      25.00      30.00       3.00       0.00     925.00      10.00
   55      55.00      60.00      16.00       0.00     931.00      10.00
   56      30.00      60.00      16.00     599.00     719.00      10.00
   57      50.00      35.00      19.00     557.00     677.00      10.00
   61      15.00      60.00      17.00       0.00     923.00      10.00
   64      65.00      20.00       6.00       0.00     910.00      10.00
   67      41.00      37.00      16.00     566.00     686.00      10.00
   69      40.00      60.00      21.00     612.00     732.00      10.00
   71      35.00      69.00      23.00     810.00     930.00      10.00
   72      65.00      55.00      14.00       0.00     924.00      10.00
   73      63.00      65.00       8.00       0.00     922.00      10.00
   77      60.00      12.00      31.00     268.00     388.00      10.00
   82      49.00      58.00      10.00       0.00     937.00      10.00
   85      57.00      29.00      18.00     395.00     515.00      10.00
   88      12.00      24.00      13.00     359.00     479.00      10.00
   90      67.00       5.00      25.00       0.00     897.00      10.00
  101      31.00      67.00       3.00     810.00     930.00      10.00