37
    1      40.00      50.00       0.00       0.00     960.00       0.00
   10      10.00      35.00      20.00     371.00     491.00      10.00
   11      10.00      40.00      30.00     519.00     639.00      10.00
   13       8.00      45.00      20.00       0.00     917.00      10.00
   14       5.00      35.00      10.00     653.00     773.00      10.00
   15       5.00      45.00      10.00       0.00     914.00      10.00
   18       0.00      45.00      20.00     703.00     823.00      10.00
   26      35.00       5.00      20.00     784.00     904.00      10.00
   27      95.00      30.00      30.00       0.00     891.00      10.00
   28      95.00      35.00      20.00     146.00     266.00      10.00
   29      92.00      30.00      10.00       0.00     894.00      10.00
   30      90.00      35.00      10.00       0.00     897.00      10.00
   31      88.00      30.00      10.00     246.00     366.00      10.00
   32      88.00      35.00      20.00       0.00     899.00      10.00
   33      87.00      30.00      10.00       0.00     898.00      10.00
   34      85.00      25.00      10.00      80.00     200.00      10.00
   35      85.00      35.00      30.00       0.00     902.00      10.00
   48       2.00      45.00      10.00       0.00     911.00      10.00
   51      72.00      35.00      30.00       0.00     914.00      10.00
   52      55.00      20.00      19.00       0.00     916.00      10.00
   54      20.00      50.00       5.00     375.00     495.00      10.00
   59      15.00      10.00      20.00     782.00     902.00      10.00
   60      10.00      20.00      19.00       0.00     907.00      10.00
   63      65.00      35.00       3.00     167.00     287.00      10.00
   68      64.00      42.00       9.00     268.00     388.00      10.00
   75      20.00      20.00       8.00     645.00     765.00      10.00
   76       5.00       5.00      16.00       0.00     892.00      10.00
   78      23.00       3.00       7.00     764.00     884.00      10.00
   79       8.00      56.00      27.00     365.00     485.00      10.00
   80       6.00      68.00      30.00     352.00     472.00      10.00
   81      47.00      47.00      13.00     822.00     942.00      10.00
   86      63.00      23.00       2.00       0.00     914.00      10.00
   94      61.00      52.00       3.00     808.00     928.00      10.00
   95      57.00      48.00      23.00       0.00     932.00      10.00
   96      56.00      37.00       6.00       0.00     929.00      10.00
   97      55.00      54.00      26.00       0.00     934.00      10.00
   98       4.00      18.00      35.00       0.00     901.00      10.00