29
    1      40.00      50.00       0.00       0.00     960.00       0.00
   28      95.00      35.00      20.00      57.00     600.00      10.00
   30      90.00      35.00      10.00      52.00     536.00      10.00
   32      88.00      35.00      20.00      50.00     534.00      10.00
   34      85.00      25.00      10.00      51.00     602.00      10.00
   36      67.00      85.00      20.00     410.00     905.00      10.00
   37      65.00      85.00      40.00      43.00     617.00      10.00
   38      65.00      82.00      10.00     410.00     823.00      10.00
   39      62.00      80.00      30.00     114.00     561.00      10.00
   40      60.00      80.00      10.00      36.00     658.00      10.00
   41      60.00      85.00      30.00     191.00     586.00      10.00
   42      58.00      75.00      20.00     201.00     670.00      10.00
   43      55.00      80.00      10.00      33.00     568.00      10.00
   44      55.00      85.00      20.00     429.00     838.00      10.00
   45      55.00      82.00      10.00      49.00     504.00      10.00
   55      55.00      60.00      16.00     448.00     873.00      10.00
   62      45.00      65.00       9.00     110.00     525.00      10.00
   63      65.00      35.00       3.00      29.00     548.00      10.00
   65      45.00      30.00      17.00      20.00     498.00      10.00
   66      35.00      40.00      16.00      11.00     530.00      10.00
   72      65.00      55.00      14.00      81.00     520.00      10.00
   73      63.00      65.00       8.00      27.00     622.00      10.00
   81      47.00      47.00      13.00     444.00     942.00      10.00
   82      49.00      58.00      10.00     249.00     580.00      10.00
   84      37.00      31.00      14.00      19.00     566.00      10.00
   91      37.00      47.00       6.00     204.00     633.00      10.00
   94      61.00      52.00       3.00     373.00     928.00      10.00
   95      57.00      48.00      23.00     265.00     638.00      10.00
   97      55.00      54.00      26.00     418.00     825.00      10.00