32
    1      40.00      50.00       0.00       0.00     960.00       0.00
    2      25.00      85.00      20.00     673.00     793.00      10.00
    3      22.00      75.00      30.00     152.00     272.00      10.00
    4      22.00      85.00      10.00     471.00     591.00      10.00
    5      20.00      80.00      40.00     644.00     764.00      10.00
    6      20.00      85.00      20.00      73.00     193.00      10.00
    7      18.00      75.00      20.00     388.00     508.00      10.00
    8      15.00      75.00      20.00     300.00     420.00      10.00
    9      15.00      80.00      10.00     367.00     487.00      10.00
   13       8.00      45.00      20.00     223.00     343.00      10.00
   17       0.00      40.00      20.00     255.00     375.00      10.00
   36      67.00      85.00      20.00     657.00     777.00      10.00
   37      65.00      85.00      40.00      43.00     163.00      10.00
   38      65.00      82.00      10.00     557.00     677.00      10.00
   40      60.00      80.00      10.00      64.00     184.00      10.00
   43      55.00      80.00      10.00      33.00     153.00      10.00
   44      55.00      85.00      20.00     574.00     694.00      10.00
   46      20.00      82.00      10.00      37.00     157.00      10.00
   47      18.00      80.00      10.00     489.00     609.00      10.00
   54      20.00      50.00       5.00     375.00     495.00      10.00
   55      55.00      60.00      16.00     601.00     721.00      10.00
   61      15.00      60.00      17.00     694.00     814.00      10.00
   70      31.00      52.00      27.00     157.00     277.00      10.00
   71      35.00      69.00      23.00     810.00     930.00      10.00
   74       2.00      60.00       5.00     286.00     406.00      10.00
   79       8.00      56.00      27.00     365.00     485.00      10.00
   80       6.00      68.00      30.00     352.00     472.00      10.00
   83      27.00      43.00       9.00     152.00     272.00      10.00
   89      24.00      58.00      19.00     260.00     380.00      10.00
   97      55.00      54.00      26.00     562.00     682.00      10.00
   99      26.00      52.00       9.00     172.00     292.00      10.00
  101      31.00      67.00       3.00     810.00     930.00      10.00