38
    1      40.00      50.00       0.00       0.00     960.00       0.00
   19      44.00       5.00      20.00     218.00     571.00      10.00
   20      42.00      10.00      40.00      85.00     542.00      10.00
   21      42.00      15.00      10.00     391.00     802.00      10.00
   22      40.00       5.00      10.00      45.00     517.00      10.00
   23      40.00      15.00      40.00     229.00     640.00      10.00
   24      38.00       5.00      30.00      45.00     523.00      10.00
   25      38.00      15.00      10.00     389.00     914.00      10.00
   26      35.00       5.00      20.00     386.00     904.00      10.00
   27      95.00      30.00      30.00     389.00     788.00      10.00
   29      92.00      30.00      10.00      55.00     575.00      10.00
   31      88.00      30.00      10.00      90.00     521.00      10.00
   33      87.00      30.00      10.00     425.00     898.00      10.00
   35      85.00      35.00      30.00     342.00     751.00      10.00
   49      42.00       5.00      10.00     396.00     904.00      10.00
   50      42.00      12.00      10.00     341.00     658.00      10.00
   51      72.00      35.00      30.00     351.00     782.00      10.00
   52      55.00      20.00      19.00     161.00     610.00      10.00
   57      50.00      35.00      19.00     390.00     843.00      10.00
   58      30.00      25.00      23.00     227.00     686.00      10.00
   59      15.00      10.00      20.00     401.00     902.00      10.00
   64      65.00      20.00       6.00      39.00     593.00      10.00
   67      41.00      37.00      16.00     404.00     847.00      10.00
   68      64.00      42.00       9.00     100.00     555.00      10.00
   70      31.00      52.00      27.00       9.00     510.00      10.00
   75      20.00      20.00       8.00     430.00     913.00      10.00
   76       5.00       5.00      16.00      63.00     520.00      10.00
   77      60.00      12.00      31.00     125.00     530.00      10.00
   78      23.00       3.00       7.00     390.00     900.00      10.00
   83      27.00      43.00       9.00      14.00     506.00      10.00
   85      57.00      29.00      18.00     259.00     650.00      10.00
   86      63.00      23.00       2.00     198.00     609.00      10.00
   90      67.00       5.00      25.00     325.00     897.00      10.00
   92      49.00      42.00      13.00     442.00     937.00      10.00
   93      53.00      43.00      14.00      14.00     581.00      10.00
   96      56.00      37.00       6.00      20.00     539.00      10.00
   98       4.00      18.00      35.00     426.00     787.00      10.00
   99      26.00      52.00       9.00      14.00     499.00      10.00