26
    1      40.00      50.00       0.00       0.00     960.00       0.00
   10      10.00      35.00      20.00     371.00     491.00      10.00
   11      10.00      40.00      30.00     519.00     639.00      10.00
   14       5.00      35.00      10.00     653.00     773.00      10.00
   18       0.00      45.00      20.00     703.00     823.00      10.00
   39      62.00      80.00      30.00     278.00     398.00      10.00
   45      55.00      82.00      10.00     217.00     337.00      10.00
   56      30.00      60.00      16.00     599.00     719.00      10.00
   62      45.00      65.00       9.00     258.00     378.00      10.00
   63      65.00      35.00       3.00     167.00     287.00      10.00
   65      45.00      30.00      17.00     191.00     311.00      10.00
   69      40.00      60.00      21.00     612.00     732.00      10.00
   72      65.00      55.00      14.00     241.00     361.00      10.00
   73      63.00      65.00       8.00      60.00     180.00      10.00
   75      20.00      20.00       8.00     645.00     765.00      10.00
   81      47.00      47.00      13.00     822.00     942.00      10.00
   82      49.00      58.00      10.00     355.00     475.00      10.00
   87      21.00      24.00      28.00     349.00     469.00      10.00
   88      12.00      24.00      13.00     359.00     479.00      10.00
   91      37.00      47.00       6.00     359.00     479.00      10.00
   92      49.00      42.00      13.00     719.00     839.00      10.00
   93      53.00      43.00      14.00      14.00     134.00      10.00
   94      61.00      52.00       3.00     808.00     928.00      10.00
   96      56.00      37.00       6.00     100.00     220.00      10.00
   98       4.00      18.00      35.00     547.00     667.00      10.00
  100      26.00      35.00      15.00     308.00     428.00      10.00