20
    1      40.00      50.00       0.00       0.00     960.00       0.00
   19      44.00       5.00      20.00     335.00     455.00      10.00
   21      42.00      15.00      10.00     537.00     657.00      10.00
   23      40.00      15.00      40.00     375.00     495.00      10.00
   28      95.00      35.00      20.00     146.00     266.00      10.00
   29      92.00      30.00      10.00     149.00     269.00      10.00
   30      90.00      35.00      10.00     194.00     314.00      10.00
   31      88.00      30.00      10.00     246.00     366.00      10.00
   32      88.00      35.00      20.00     165.00     285.00      10.00
   34      85.00      25.00      10.00      80.00     200.00      10.00
   50      42.00      12.00      10.00     440.00     560.00      10.00
   52      55.00      20.00      19.00     326.00     446.00      10.00
   58      30.00      25.00      23.00     397.00     517.00      10.00
   64      65.00      20.00       6.00      39.00     159.00      10.00
   66      35.00      40.00      16.00      11.00     131.00      10.00
   67      41.00      37.00      16.00     566.00     686.00      10.00
   68      64.00      42.00       9.00     268.00     388.00      10.00
   77      60.00      12.00      31.00     268.00     388.00      10.00
   84      37.00      31.00      14.00     105.00     225.00      10.00
   86      63.00      23.00       2.00     344.00     464.00      10.00