27
    1      40.00      50.00       0.00       0.00     960.00       0.00
   12       8.00      40.00      40.00     225.00     285.00      10.00
   14       5.00      35.00      10.00     683.00     743.00      10.00
   16       2.00      40.00      20.00     204.00     264.00      10.00
   17       0.00      40.00      20.00     204.00     425.00      10.00
   18       0.00      45.00      20.00     698.00     827.00      10.00
   19      44.00       5.00      20.00     306.00     483.00      10.00
   20      42.00      10.00      40.00     199.00     428.00      10.00
   21      42.00      15.00      10.00     494.00     699.00      10.00
   22      40.00       5.00      10.00      45.00     525.00      10.00
   23      40.00      15.00      40.00     383.00     486.00      10.00
   24      38.00       5.00      30.00     231.00     291.00      10.00
   46      20.00      82.00      10.00      37.00     177.00      10.00
   50      42.00      12.00      10.00     460.00     539.00      10.00
   52      55.00      20.00      19.00     273.00     498.00      10.00
   57      50.00      35.00      19.00     560.00     673.00      10.00
   58      30.00      25.00      23.00     342.00     571.00      10.00
   60      10.00      20.00      19.00      42.00     522.00      10.00
   61      15.00      60.00      17.00     623.00     884.00      10.00
   67      41.00      37.00      16.00     570.00     681.00      10.00
   71      35.00      69.00      23.00     780.00     930.00      10.00
   75      20.00      20.00       8.00     675.00     735.00      10.00
   76       5.00       5.00      16.00      57.00     537.00      10.00
   77      60.00      12.00      31.00     298.00     358.00      10.00
   85      57.00      29.00      18.00     425.00     485.00      10.00
   96      56.00      37.00       6.00      20.00     500.00      10.00
   98       4.00      18.00      35.00     516.00     697.00      10.00